168 169 169 164 167 164 161 163 166 173 178 178 173 157 131 107 111 114 118 117 120 120 119 116 119 126 130 133 140 140 143 141 142 140 138 140 140 142 143 144 145 145 143 144 142 144 144 143 141 146 142 142 142 143 143 142 144 144 144 142 146 138 139 141 143 143 140 137 141 137 139 132 132 124 116 126 145 154 162 166 163 158 160 163 165 162 159 160 160 161 162 162 165 162 177 210 218 221 198 115 114 126 127 130 132 132 131 132 132 133 134 134 133 136 136 136 128 126 169 170 
168 167 165 162 162 161 163 166 165 174 177 179 173 155 130 105 106 111 118 116 115 119 118 115 119 130 131 134 137 137 141 139 139 139 144 137 140 143 144 144 146 145 143 141 143 144 144 143 143 144 137 139 142 144 141 142 143 143 144 144 144 140 139 141 140 137 137 139 138 139 137 134 133 123 115 120 135 153 162 166 163 161 159 163 164 162 161 162 164 161 161 163 163 162 165 206 217 221 209 134 112 124 131 131 132 133 127 132 133 137 132 136 131 135 134 135 130 135 138 89 
163 163 165 165 163 163 163 163 167 176 178 177 171 151 130 105 106 111 116 117 116 118 116 116 122 125 131 135 135 140 141 139 141 141 142 142 141 141 144 144 143 144 141 141 145 143 142 144 140 143 142 140 139 139 141 141 141 144 139 139 142 143 140 139 138 139 138 137 142 140 139 133 127 124 119 116 129 147 158 166 164 160 162 167 166 164 164 162 164 162 163 162 161 160 157 187 212 218 220 188 115 116 121 131 128 130 128 129 130 135 135 133 133 137 135 138 141 116 63 57 
166 165 163 164 164 163 162 167 174 175 174 173 165 153 130 104 107 114 116 119 117 116 118 114 122 126 130 134 138 139 138 142 143 141 142 142 140 141 142 143 145 143 143 143 144 143 145 144 142 143 143 143 141 141 141 142 142 145 139 143 141 142 140 139 139 140 139 138 140 140 139 135 132 127 124 117 117 138 155 161 169 168 166 168 169 170 165 162 161 163 164 159 159 160 160 155 203 217 221 214 153 117 121 127 126 129 130 130 132 131 131 135 135 136 141 144 112 60 59 60 
163 164 165 167 165 165 163 170 172 171 174 172 163 153 132 105 106 112 115 118 118 117 118 115 123 128 132 132 136 137 139 142 141 142 143 144 142 143 144 142 144 144 144 142 142 142 147 143 143 140 145 142 141 143 139 141 144 146 144 143 142 142 140 139 142 144 138 138 143 142 141 134 134 128 126 121 114 127 149 160 165 168 169 168 172 170 165 165 168 164 163 161 159 160 159 156 174 212 219 221 200 116 115 125 127 133 131 132 132 132 136 138 140 143 145 108 56 59 60 59 
164 164 164 165 164 165 164 174 173 171 170 168 165 153 134 102 106 114 118 115 117 117 115 116 119 124 128 135 136 139 140 143 141 139 143 141 139 139 143 139 144 144 143 143 141 143 143 141 142 139 144 143 141 139 139 140 147 142 143 142 139 141 142 138 140 138 137 138 138 140 143 138 131 131 126 120 119 121 145 156 164 169 167 168 166 167 168 164 164 163 161 161 160 159 156 160 154 198 217 220 219 169 113 119 125 129 132 129 131 131 138 138 144 146 107 64 62 61 59 61 
166 165 168 165 167 166 170 174 171 167 166 167 167 154 127 104 98 113 117 117 117 117 116 117 121 125 131 130 137 137 139 136 140 141 138 142 143 141 142 140 141 144 141 141 143 148 143 138 139 136 137 139 138 135 139 138 137 137 143 143 144 140 137 139 138 136 137 137 139 138 139 136 131 133 126 123 118 129 145 155 166 166 168 167 164 166 166 167 165 166 164 160 163 161 159 159 155 168 211 220 223 208 127 122 123 132 131 134 132 133 137 140 146 107 57 58 55 59 62 63 
167 165 167 166 168 171 174 177 174 167 164 169 169 155 128 104 106 110 116 119 117 114 117 116 118 126 131 133 135 137 138 137 141 137 137 140 140 143 143 143 142 141 145 140 143 143 142 143 137 135 136 135 138 137 139 138 137 140 139 140 141 140 136 137 140 137 139 137 137 140 139 138 134 130 126 122 118 129 143 152 162 165 167 167 167 167 164 164 165 164 165 165 163 163 161 159 155 149 190 213 222 224 194 121 123 129 130 130 131 133 138 144 110 60 61 60 60 64 61 67 
166 167 167 169 170 174 174 174 172 165 165 168 168 151 127 102 102 114 115 116 116 116 116 117 121 125 130 134 133 137 136 139 139 140 140 141 142 139 142 141 137 139 141 142 139 143 141 140 138 139 134 135 136 137 135 134 134 140 140 142 142 139 137 139 141 139 138 136 139 139 140 140 132 133 128 125 119 129 142 150 160 163 164 166 164 165 165 164 167 164 164 160 163 163 161 159 158 152 157 208 221 224 216 149 116 125 126 130 135 142 144 106 56 55 60 65 63 64 61 62 
171 166 170 170 173 172 170 172 168 166 169 170 166 152 127 100 104 112 115 115 118 114 117 117 120 127 130 131 133 132 135 139 135 137 137 139 141 143 142 139 138 139 143 143 140 144 142 139 139 137 140 133 132 134 130 133 134 140 136 140 141 138 138 135 141 138 135 138 137 139 141 137 134 126 129 126 122 129 141 151 157 160 160 163 164 165 164 163 160 161 163 165 161 160 160 157 155 151 151 188 216 223 226 204 115 120 122 125 132 141 105 57 56 59 61 62 64 61 61 59 
168 169 167 175 176 167 165 164 165 171 165 170 166 153 125 99 105 113 115 117 118 119 115 115 123 125 130 132 134 135 136 137 138 137 137 141 140 141 137 140 143 142 140 141 141 144 141 139 142 138 137 140 155 151 137 129 130 135 132 139 136 139 138 139 140 142 140 140 142 140 139 135 134 131 126 124 121 125 138 149 154 154 159 162 164 163 162 163 161 163 163 164 160 158 154 152 151 152 151 154 208 220 224 221 165 115 119 123 134 108 59 56 60 64 66 66 64 62 59 60 
169 168 169 176 170 162 159 158 168 168 167 171 167 152 131 105 102 110 115 116 118 118 116 116 124 126 130 134 135 138 137 139 138 140 141 141 143 140 140 141 140 143 141 142 140 140 148 143 151 149 160 165 177 173 176 182 189 180 147 128 129 139 135 136 141 140 141 139 139 139 136 139 132 131 126 125 120 123 138 150 154 152 155 159 163 162 158 161 161 164 164 160 159 157 154 152 151 153 151 152 180 215 223 225 211 123 121 133 104 55 56 55 62 63 65 66 60 59 62 60 
169 169 175 174 164 153 150 154 169 172 170 173 168 153 128 100 102 107 114 119 118 117 116 118 122 128 133 137 132 138 140 139 139 140 141 142 143 141 141 141 141 141 140 140 146 149 159 140 148 165 177 173 178 180 184 172 183 185 186 193 175 121 130 134 135 137 139 137 134 134 135 133 133 126 125 124 118 125 142 150 156 154 155 156 158 160 162 157 160 159 159 158 156 153 152 151 150 149 152 149 149 200 218 226 226 190 131 111 58 53 56 58 65 64 65 63 59 61 63 59 
166 172 179 171 157 142 141 157 172 172 170 173 168 158 127 97 100 107 110 111 117 114 115 122 122 128 130 135 136 136 137 139 138 136 138 139 140 138 137 137 143 154 136 139 152 150 152 152 153 151 161 159 167 177 171 179 169 181 189 187 200 197 159 124 133 135 139 135 137 133 136 133 127 127 126 121 119 125 140 151 156 153 154 156 157 159 159 156 157 156 157 155 152 154 152 147 150 150 151 151 148 161 214 224 229 223 135 58 53 57 63 67 68 64 65 57 65 59 56 60 
168 176 175 163 147 118 136 160 169 173 172 172 169 158 131 100 94 100 107 114 111 114 117 115 123 125 130 131 133 134 135 137 137 138 140 140 136 140 160 152 140 134 131 130 142 135 138 142 151 158 154 170 165 168 172 181 182 183 186 193 193 196 196 194 126 126 130 133 132 132 133 130 129 127 122 119 115 124 140 152 157 154 154 157 153 158 158 162 155 153 152 155 155 154 152 151 151 152 152 152 151 147 192 218 229 230 113 54 58 61 62 66 64 63 58 63 61 56 57 65 
175 179 168 157 125 96 136 160 173 175 173 172 170 155 129 93 94 102 106 108 113 112 113 119 117 120 126 129 131 131 135 137 134 137 136 135 140 125 130 130 131 131 131 133 137 136 141 139 142 151 164 152 166 174 181 186 183 189 185 189 188 193 196 196 196 154 117 123 127 129 132 129 126 126 122 119 115 123 141 153 160 159 154 153 153 153 153 160 156 151 153 152 157 152 152 153 152 150 153 152 154 153 153 217 228 182 51 54 56 62 67 65 65 56 60 61 57 58 66 54 
178 174 164 141 98 95 137 156 172 175 172 174 166 152 126 96 93 102 106 114 115 114 112 115 119 118 128 125 131 129 132 133 135 139 136 140 138 122 127 136 127 134 129 139 140 142 138 140 136 138 155 161 165 173 171 188 177 184 192 189 196 196 202 196 201 202 187 111 115 120 122 126 125 123 118 121 111 123 139 156 160 159 159 155 150 149 146 154 160 155 154 156 156 154 152 153 150 155 153 155 154 155 161 192 171 53 58 56 61 63 61 64 58 64 66 59 59 71 59 42 
179 170 155 121 92 101 135 159 172 173 172 173 166 154 129 92 95 102 106 108 114 116 114 112 119 122 126 125 128 130 135 134 134 137 135 148 124 129 121 123 129 136 131 141 136 145 148 141 142 142 143 156 166 169 168 181 186 184 195 187 196 202 197 195 198 200 196 204 124 102 111 121 123 120 120 120 115 120 141 158 164 165 161 158 145 137 136 145 158 156 153 159 159 151 154 152 153 152 155 155 157 159 164 143 58 56 54 56 69 63 61 55 62 66 59 60 67 65 43 109 
171 163 138 96 100 102 138 160 171 177 177 171 167 154 126 90 93 101 111 113 112 113 113 115 118 123 127 128 126 128 134 131 136 135 138 162 128 121 122 129 127 125 130 130 138 135 144 141 137 144 153 149 154 168 183 181 192 185 186 194 187 199 191 187 192 212 216 218 228 208 99 112 117 115 115 114 109 118 141 158 166 163 163 162 147 129 119 134 152 160 156 156 158 154 155 156 152 155 156 157 159 162 159 68 56 55 55 62 65 62 59 62 65 58 62 68 84 47 82 165 
167 151 112 97 98 100 137 158 170 174 176 173 166 150 124 92 95 104 109 115 113 114 112 115 117 124 127 126 127 131 133 136 133 136 141 128 123 124 129 132 131 130 132 132 125 136 148 142 144 145 145 145 153 165 182 181 190 190 182 195 182 176 199 213 207 210 212 213 218 226 138 99 112 112 112 111 107 118 141 156 162 161 162 163 152 127 95 103 140 154 156 154 157 154 153 154 154 157 156 157 159 165 91 53 53 56 60 64 65 59 54 67 56 59 64 76 73 82 150 165 
159 129 96 103 103 106 137 158 172 176 173 173 167 150 128 94 95 103 109 111 114 117 114 114 114 120 126 126 127 129 132 135 135 136 129 120 123 129 122 136 126 130 132 129 136 141 153 144 145 150 148 147 157 168 182 179 179 192 172 171 209 216 209 204 209 205 206 212 214 221 221 101 97 106 109 104 106 117 138 154 163 159 161 161 151 129 78 73 124 146 159 156 153 156 153 153 154 153 154 159 165 130 58 56 56 63 66 65 63 53 66 57 56 67 74 77 89 143 155 153 
145 104 99 102 101 102 133 156 170 172 173 172 167 153 126 92 95 102 111 111 116 114 111 114 117 120 126 130 129 132 134 137 135 129 120 124 122 123 138 132 126 117 132 133 131 141 143 148 148 153 151 151 152 165 180 178 182 155 198 209 210 204 207 203 210 207 202 206 216 217 229 212 89 95 101 101 103 114 139 154 165 165 162 163 157 133 82 60 99 132 154 160 155 154 153 154 155 155 158 162 153 59 80 63 62 66 65 65 56 66 63 57 59 70 84 93 135 152 156 151 
121 96 105 105 102 101 135 157 168 174 174 173 167 150 124 93 94 108 106 113 114 112 117 112 114 121 124 132 128 131 131 137 140 126 124 126 123 130 130 122 117 132 133 142 141 141 138 147 153 151 146 148 158 163 186 153 174 207 205 201 209 210 203 200 196 211 208 208 206 206 212 219 167 91 89 98 100 113 140 155 165 163 162 161 154 133 83 59 75 118 145 157 158 154 154 152 154 157 159 165 93 52 57 60 67 66 65 57 61 68 57 61 66 67 89 132 153 148 148 167 
97 104 105 103 103 102 132 156 167 174 173 175 167 151 126 93 93 103 111 113 114 113 113 116 116 121 124 129 130 129 132 140 125 123 128 120 123 130 127 132 128 128 140 141 145 149 139 149 149 148 146 151 152 165 140 195 197 198 197 207 199 202 205 201 201 202 207 206 208 208 209 214 219 224 109 87 94 112 138 155 165 161 162 163 155 131 85 52 56 92 130 149 158 157 152 155 157 159 165 133 53 53 58 65 69 65 64 58 70 59 59 66 66 76 129 151 156 147 168 168 
100 103 106 106 105 109 135 157 167 172 173 172 165 150 126 95 95 102 107 108 114 116 113 113 115 121 123 129 131 128 128 140 117 113 125 128 124 130 128 129 130 139 134 143 153 145 148 140 145 147 142 149 137 155 197 199 199 197 190 191 199 194 204 200 206 214 210 208 207 206 208 213 210 212 220 74 85 104 138 154 163 164 162 163 156 130 88 54 50 67 107 140 153 157 149 151 159 160 159 61 56 56 61 66 64 68 56 65 60 60 71 59 65 123 155 147 142 163 169 169 
103 106 106 102 103 102 134 156 167 173 171 171 168 150 124 94 95 104 104 112 112 114 113 114 120 119 128 129 125 125 155 133 117 119 126 124 128 125 127 130 138 139 144 149 142 149 151 146 137 133 138 131 177 190 193 193 189 194 199 183 194 201 204 206 203 200 207 205 206 207 204 202 213 216 224 157 83 100 133 154 163 162 163 162 154 133 89 59 60 54 75 120 140 153 149 151 158 162 94 52 56 64 68 65 63 59 62 66 61 69 59 55 106 154 150 136 159 167 165 169 
106 103 104 105 104 100 132 156 167 172 172 171 170 153 126 93 94 102 109 109 113 118 114 115 119 123 124 129 123 120 208 115 117 118 123 125 126 130 135 133 137 143 150 140 137 144 145 142 130 118 140 185 185 190 180 185 189 175 195 199 200 192 201 207 203 207 203 201 195 205 211 206 211 213 222 227 97 90 133 152 160 161 162 163 156 134 85 60 60 56 53 74 171 213 216 175 199 129 57 57 60 65 66 64 67 66 62 59 67 64 58 82 148 152 141 157 164 165 162 164 
100 104 102 103 100 96 129 153 167 173 172 170 169 152 125 89 94 101 102 107 109 109 110 111 115 118 120 124 119 125 187 116 117 121 123 129 131 122 131 139 139 150 140 151 135 145 134 128 123 158 179 197 184 173 188 179 186 186 193 197 198 203 196 197 203 194 204 203 209 201 207 210 209 209 214 224 194 86 127 153 160 164 163 160 158 130 89 59 57 49 52 202 214 188 209 223 223 154 57 56 59 67 62 65 63 64 63 64 71 56 65 138 157 146 157 167 164 164 163 162 
99 103 108 108 102 103 131 153 168 172 172 172 166 153 125 87 89 98 106 110 111 112 113 114 118 118 125 124 119 186 179 116 118 123 117 128 128 130 127 143 146 130 127 144 143 132 125 117 170 182 188 167 179 185 172 184 189 188 189 193 194 196 195 186 197 208 203 208 198 205 201 207 203 200 208 218 221 87 122 152 163 164 166 162 156 128 87 53 47 80 211 198 204 220 223 221 226 224 50 53 59 66 67 61 63 61 56 70 63 62 119 159 150 151 165 165 164 164 163 163 
105 103 107 111 109 105 125 156 168 176 175 174 166 150 123 91 90 101 108 115 112 115 114 114 117 120 126 128 120 218 164 111 117 117 129 126 132 127 135 135 137 124 143 136 139 123 122 174 181 172 166 177 166 181 189 176 192 195 182 187 188 186 193 201 199 198 196 201 201 201 204 209 208 208 207 209 218 205 113 149 162 164 166 165 150 122 68 44 131 215 165 203 219 212 213 206 216 230 52 58 60 63 63 60 63 56 63 66 61 88 156 153 147 162 164 161 163 163 161 164 
107 110 113 111 110 108 130 154 168 176 177 173 170 155 123 93 93 102 108 111 113 115 116 115 119 122 125 126 116 214 161 112 118 119 106 128 128 137 132 131 134 142 139 143 126 132 174 175 165 168 182 175 183 181 178 194 187 187 192 189 169 193 190 199 195 196 198 201 201 194 197 196 203 207 202 206 209 215 173 145 160 163 164 160 146 108 69 191 209 174 212 214 210 203 204 209 220 229 48 60 65 65 59 59 56 62 63 54 64 141 160 149 161 166 165 164 161 163 162 164 
110 114 113 112 112 110 130 155 169 174 176 176 171 155 123 94 96 102 110 112 118 119 117 115 119 124 124 125 122 211 143 116 110 113 126 124 123 135 126 131 142 142 129 122 137 168 158 161 160 155 177 173 182 183 179 180 188 185 177 180 180 192 182 192 197 190 200 201 202 157 197 202 202 198 203 200 199 206 214 191 159 162 161 153 138 154 217 186 189 213 210 202 202 201 205 213 221 222 52 59 60 65 64 61 62 64 64 46 109 160 152 157 165 165 163 160 162 161 163 158 
114 115 112 111 113 114 137 156 162 172 177 177 177 156 127 95 95 104 108 113 115 114 116 115 114 123 125 116 133 192 143 124 112 120 114 108 130 130 137 141 128 134 124 139 158 156 155 160 147 166 175 180 178 173 169 187 184 167 184 185 186 182 193 181 193 196 202 199 171 189 196 199 197 196 200 200 197 195 198 210 160 162 155 160 213 197 194 200 211 207 202 201 202 204 211 216 222 218 52 61 60 62 64 58 61 65 57 75 149 158 150 163 165 164 161 160 161 160 157 161 
114 114 112 113 112 116 136 156 169 175 179 180 176 158 127 94 95 105 110 113 115 115 112 114 115 120 119 112 198 186 148 123 119 121 118 116 124 130 136 125 135 131 153 155 152 150 150 146 164 168 166 174 172 173 166 176 156 183 175 177 179 174 182 184 186 177 170 182 191 181 185 194 196 197 191 190 193 183 187 194 175 159 197 201 197 189 210 206 201 201 201 204 204 205 209 216 222 185 55 61 65 63 57 60 63 65 78 121 156 152 159 166 165 166 163 162 161 160 159 160 
112 114 113 111 114 117 137 157 169 178 181 181 177 158 129 94 95 105 110 112 115 113 112 112 115 118 119 108 221 188 153 128 115 120 114 122 129 129 127 143 125 147 152 158 149 143 148 158 166 162 168 166 184 182 171 174 177 176 176 178 177 171 176 197 179 183 182 191 192 188 193 189 188 187 186 186 183 182 184 186 195 207 189 194 202 206 204 201 200 201 202 207 204 196 210 213 223 124 55 62 60 64 52 64 63 72 98 154 154 154 163 165 164 164 161 160 160 160 161 163 
113 111 112 110 110 115 133 158 169 178 180 180 176 158 128 95 95 105 109 112 111 114 111 109 117 121 117 107 218 195 158 147 134 129 121 123 112 132 133 125 140 153 153 148 148 151 158 158 146 162 173 179 174 158 183 171 178 177 186 171 177 173 174 179 189 187 184 176 186 192 187 181 178 182 185 187 180 168 172 208 176 193 197 209 207 193 201 202 196 203 203 207 179 189 206 212 218 59 56 59 62 60 59 66 62 68 138 157 152 159 165 165 163 168 163 164 160 163 162 163 
113 110 112 112 113 111 132 156 172 181 180 179 177 159 128 99 96 104 108 114 114 111 113 114 117 115 115 106 219 189 175 150 142 123 122 113 125 137 113 145 145 151 156 141 144 155 159 157 149 163 166 160 153 173 174 172 170 177 176 179 160 176 171 178 171 175 179 189 179 187 181 179 181 185 170 176 157 204 187 193 196 205 203 200 197 200 201 201 201 205 206 189 163 173 177 202 208 52 61 59 60 55 61 57 67 100 157 153 158 165 167 165 163 165 163 164 162 164 160 161 
110 108 110 109 109 114 132 161 172 178 177 176 172 159 128 95 92 106 111 114 114 113 114 111 114 117 113 102 211 188 166 156 147 140 113 103 127 122 145 145 145 148 132 139 151 157 145 153 157 159 155 161 167 170 174 167 172 171 165 171 171 175 162 164 170 179 168 178 182 170 175 171 179 173 155 185 192 184 196 204 203 197 194 191 198 202 203 200 202 205 206 162 172 161 158 197 108 53 62 67 59 58 63 61 93 145 156 152 164 166 163 163 164 163 165 160 163 161 164 162 
110 108 110 107 110 112 134 158 170 180 178 178 177 159 128 96 98 106 110 114 114 112 111 116 116 114 108 102 202 183 167 154 138 136 124 119 118 144 151 145 142 120 138 152 154 150 151 136 152 154 157 162 168 156 168 172 163 166 172 163 145 173 173 172 167 169 171 175 167 177 167 168 158 169 197 180 191 204 203 199 194 195 194 195 201 202 202 202 206 209 176 168 162 159 171 211 50 55 61 63 54 62 57 74 122 161 151 156 165 166 164 160 161 162 163 161 163 161 162 161 
109 112 110 109 112 116 137 158 171 180 180 178 174 158 133 94 95 103 110 112 112 112 112 114 115 116 107 102 205 194 180 173 156 148 126 115 140 136 145 148 120 130 148 154 146 143 140 159 161 157 166 162 158 169 164 150 134 150 144 163 172 170 169 164 175 169 172 173 167 159 158 157 188 173 186 201 201 191 183 186 197 194 197 201 205 203 202 204 210 208 159 153 169 128 176 213 51 57 61 66 65 65 65 83 153 156 151 164 163 162 160 161 162 164 162 161 162 161 160 160 
111 110 112 110 114 119 137 158 170 176 179 178 178 161 130 95 94 103 111 109 111 111 113 112 115 115 105 99 210 200 186 177 171 164 140 120 137 141 144 116 134 155 146 149 131 144 144 155 154 155 153 109 120 105 114 150 156 158 97 158 167 167 139 157 168 165 141 136 165 159 165 193 169 196 203 199 190 192 192 196 198 200 200 201 205 205 203 207 213 165 157 106 102 143 215 74 48 57 62 59 64 60 63 121 160 152 156 165 166 163 162 160 160 161 162 159 160 161 156 158 
111 111 110 112 112 122 142 159 172 178 182 179 178 163 131 93 92 99 109 109 115 111 115 115 116 116 105 98 212 204 194 176 167 167 149 129 128 135 121 127 152 146 147 131 138 143 146 146 155 156 123 147 128 119 105 80 159 168 128 130 130 87 122 137 106 72 71 73 146 178 168 171 192 199 195 197 195 196 194 198 200 201 200 205 201 205 206 213 177 127 92 102 126 195 213 50 60 60 60 55 67 57 77 152 155 153 164 166 163 162 164 160 161 160 161 159 159 158 159 160 
112 116 110 110 118 128 141 161 172 177 179 180 178 160 133 94 92 100 107 110 119 111 115 114 116 115 111 97 216 204 208 175 149 162 121 122 136 115 129 151 145 147 131 139 144 143 141 153 146 121 147 114 122 101 124 105 120 131 112 79 69 124 67 78 57 50 55 57 184 154 193 202 196 197 195 199 196 193 195 200 200 202 195 206 206 208 171 108 104 98 106 119 182 212 62 50 63 63 61 62 61 51 120 156 150 159 168 163 164 164 164 163 162 157 158 160 158 157 159 161 
114 112 115 111 118 127 144 161 174 176 178 180 176 163 131 96 94 105 110 111 114 112 116 115 116 112 108 98 221 211 207 181 136 159 144 143 124 127 146 142 140 127 135 146 144 134 150 145 116 144 123 135 130 103 82 67 80 107 96 104 89 101 60 86 57 43 73 187 138 188 198 196 195 194 192 196 197 192 192 199 199 205 207 208 142 102 101 96 107 115 151 188 201 58 53 61 61 59 62 69 59 60 144 152 151 165 166 164 167 164 160 163 161 161 162 157 160 156 156 158 
117 116 113 112 117 123 141 159 171 179 177 179 176 164 134 95 93 106 109 109 111 112 115 111 114 113 113 99 200 209 206 171 147 150 144 131 123 141 144 144 124 138 142 140 135 151 147 114 138 143 102 74 95 85 62 67 125 113 66 94 101 101 55 88 41 110 169 135 193 187 183 193 191 193 187 190 192 195 196 197 199 199 174 135 114 111 100 118 155 172 184 202 56 61 61 65 62 56 64 69 62 103 155 151 163 168 167 165 166 163 164 162 162 160 160 161 158 160 159 156 
119 116 117 113 114 122 141 158 172 177 176 177 176 164 134 94 90 99 108 111 111 114 111 112 112 116 116 105 107 207 199 193 163 154 145 118 136 145 143 118 135 139 131 127 149 143 149 118 135 79 76 95 58 66 62 102 120 62 58 111 95 51 46 93 132 150 159 199 189 182 186 185 184 186 187 191 192 191 196 200 185 107 108 125 147 160 172 174 179 179 207 55 54 60 71 64 58 61 65 61 63 138 152 147 167 167 168 169 165 164 164 163 161 160 160 158 160 161 160 156 
117 118 118 113 118 122 142 159 170 179 178 178 178 163 134 95 90 103 107 108 111 111 111 110 111 117 116 107 97 218 207 202 181 166 133 136 147 143 118 132 138 128 133 146 149 109 128 120 68 89 73 66 77 50 67 114 70 62 116 122 53 116 48 153 137 169 194 190 175 187 188 182 181 176 189 190 189 195 194 78 106 105 112 110 154 167 174 175 187 208 56 55 57 63 65 64 56 60 65 61 90 153 149 160 167 170 167 167 166 165 162 163 165 159 163 158 159 157 159 156 
121 123 116 113 113 113 138 157 173 178 178 179 176 164 139 93 89 101 104 107 108 110 111 110 112 118 120 118 106 157 217 196 178 178 112 139 135 128 136 140 134 133 141 144 134 80 79 87 90 80 68 68 62 55 96 70 62 88 61 91 88 51 151 127 177 199 194 190 183 181 183 179 178 178 189 193 192 184 117 96 88 106 143 131 144 163 176 187 195 53 49 59 63 68 70 70 62 62 67 61 120 143 139 171 170 170 169 166 166 166 168 163 163 163 160 160 160 157 159 158 
121 118 116 115 114 113 132 156 173 180 180 180 176 164 137 91 91 100 106 112 110 111 114 111 116 119 121 121 112 100 218 196 192 162 159 135 136 128 140 139 135 127 134 141 122 101 89 86 94 56 53 112 52 62 78 65 73 65 55 72 130 151 82 158 195 194 190 183 180 181 181 174 183 185 187 182 192 196 173 106 97 112 115 128 126 165 199 141 57 57 58 67 66 66 65 60 62 63 63 82 137 130 152 171 172 166 165 166 168 167 168 163 161 163 165 161 160 156 159 159 
120 121 116 117 111 110 130 156 169 179 180 180 179 164 137 93 88 98 104 110 110 111 114 114 113 119 125 124 119 108 138 213 198 158 135 127 113 136 135 120 136 140 141 117 74 78 95 104 76 65 56 91 63 85 60 59 61 69 64 83 109 139 165 177 180 183 182 173 178 171 180 178 179 180 196 195 199 203 195 141 94 89 90 130 142 164 124 57 56 59 64 66 68 67 66 56 61 63 65 103 139 131 164 171 171 167 167 168 168 164 167 165 165 165 162 161 160 161 159 157 
119 116 118 115 111 103 127 153 170 180 179 181 180 164 140 92 92 98 103 111 114 112 115 111 116 119 125 126 122 110 126 214 208 161 131 133 129 128 125 151 144 131 125 99 88 68 56 84 75 81 64 55 123 55 66 60 62 53 57 128 100 161 177 182 183 184 173 173 181 181 168 173 188 197 198 200 199 200 198 158 115 64 102 85 141 159 116 61 53 59 68 66 68 71 61 56 61 60 76 127 132 138 161 169 169 170 167 166 166 166 166 166 166 165 167 163 163 161 156 157 
118 117 117 114 111 103 124 155 169 177 179 180 179 164 136 95 88 98 107 112 112 113 113 113 115 120 125 126 125 117 123 218 217 116 129 125 134 121 141 144 130 129 55 58 69 58 57 72 75 97 56 54 96 110 68 52 47 51 150 107 177 158 182 185 192 176 160 169 182 167 171 186 194 196 202 201 203 206 203 171 111 64 54 89 154 158 82 60 57 63 70 66 73 72 59 54 63 57 96 145 129 153 154 163 169 169 167 165 164 166 167 167 165 166 163 163 162 159 160 156 
115 116 116 115 113 106 126 154 170 179 179 181 178 165 140 95 93 100 106 112 111 115 115 114 118 118 125 130 127 125 111 224 190 124 123 124 125 136 140 104 107 86 62 102 55 61 61 59 85 72 76 56 63 110 53 47 46 168 123 188 169 132 177 193 185 171 167 176 163 170 180 190 199 199 203 202 209 212 212 188 126 78 54 81 131 176 74 63 71 68 70 69 70 63 58 61 58 65 129 143 143 161 156 158 159 161 161 163 165 164 165 169 162 165 161 161 161 160 159 156 
117 116 115 114 110 105 126 154 169 178 180 179 178 164 137 98 89 102 108 113 118 118 115 115 112 124 135 131 129 129 123 194 168 127 134 116 140 140 130 111 78 64 58 110 57 80 71 63 60 71 65 111 63 132 50 45 154 130 185 179 173 143 173 193 177 170 172 156 169 173 186 192 198 200 205 204 209 212 214 198 145 92 51 60 62 166 98 65 61 66 69 70 71 64 59 66 56 72 144 137 158 164 158 155 156 155 155 156 159 159 163 165 165 164 163 159 160 157 159 157 
118 118 112 117 107 107 123 152 170 177 180 180 178 164 140 98 96 103 108 112 115 116 114 114 119 126 129 130 131 132 130 124 203 131 123 134 144 140 108 70 65 55 55 108 82 58 61 64 63 66 64 101 70 137 43 131 126 180 175 190 181 145 168 198 167 166 158 166 174 176 188 197 198 202 206 205 208 214 214 206 157 106 56 55 100 168 114 60 64 66 68 71 69 59 64 66 56 117 147 140 167 167 167 161 159 155 152 154 151 151 151 156 159 161 158 156 158 156 158 156 
115 113 115 111 109 104 125 154 169 178 181 181 177 166 138 94 91 104 108 114 113 115 116 115 119 122 127 131 132 131 130 141 153 132 144 147 134 111 59 60 84 54 56 55 69 94 58 64 83 91 50 69 46 51 115 136 163 167 174 188 187 129 188 172 158 164 169 173 176 181 185 195 198 204 202 205 208 211 214 213 172 113 67 55 78 167 105 72 65 67 71 69 65 63 66 59 71 136 145 149 167 166 166 164 168 165 164 159 158 150 147 152 149 150 151 154 154 159 158 156 
115 116 113 109 111 104 121 154 170 177 181 182 179 166 137 98 94 101 109 113 111 116 117 116 118 124 130 134 132 133 136 106 156 128 138 138 133 94 88 50 99 64 65 78 112 71 57 57 95 67 67 108 56 59 118 150 168 170 167 192 188 174 175 160 168 170 172 176 180 182 181 190 195 200 198 202 206 209 213 212 183 118 71 53 67 140 128 77 72 70 70 73 61 64 66 56 93 146 134 158 164 167 163 163 166 169 168 164 162 155 153 152 148 147 146 145 148 151 153 157 
115 114 110 113 112 104 121 152 170 179 181 182 178 166 139 97 95 103 109 117 114 110 116 113 121 125 131 133 134 140 178 58 59 127 134 124 112 69 108 51 119 48 61 67 67 58 59 62 61 89 55 66 45 159 121 176 182 168 161 194 195 179 89 117 133 145 162 178 184 184 180 185 191 197 195 198 203 203 209 204 172 99 63 53 61 112 149 68 67 69 78 71 63 60 63 57 123 142 138 165 164 163 162 165 162 164 163 165 159 160 160 154 150 152 156 147 145 148 147 144 
116 116 114 113 114 103 123 156 169 181 183 184 181 166 139 96 92 99 108 114 115 114 115 116 118 124 128 132 135 157 138 71 57 156 141 80 77 94 59 63 104 46 55 82 59 59 53 50 106 98 58 46 132 110 178 182 198 156 177 198 161 148 159 156 131 87 80 113 168 178 179 181 192 195 191 193 198 198 180 123 107 85 71 55 59 80 160 68 69 74 73 61 59 64 64 66 144 138 149 167 162 161 162 163 160 161 162 163 159 158 159 154 159 158 151 147 147 146 145 138 
114 115 116 115 111 102 121 154 167 182 180 183 185 166 140 97 97 103 109 118 115 115 112 112 113 121 124 129 164 154 171 104 65 137 103 73 68 109 68 107 63 61 62 54 58 95 51 58 57 99 54 64 136 189 174 192 184 163 198 131 134 143 142 137 147 124 123 108 112 162 169 173 189 195 193 190 182 118 115 118 138 108 82 59 56 71 159 80 65 69 75 64 64 64 63 86 147 135 161 164 164 162 163 160 158 158 162 163 160 159 158 159 158 159 158 155 155 146 139 136 
115 113 113 114 108 101 122 153 168 181 182 181 179 168 142 96 91 102 107 116 119 115 115 114 116 117 145 152 161 160 165 144 123 61 51 75 113 63 94 83 55 89 58 53 54 110 58 57 60 47 49 157 158 174 187 202 186 195 93 99 81 73 67 66 63 61 104 142 142 148 162 167 188 195 199 191 135 93 70 67 70 74 83 59 54 69 170 96 63 70 68 61 61 64 54 120 141 139 164 163 161 160 160 163 160 160 160 162 158 157 159 156 158 158 158 148 149 147 145 140 
106 106 106 106 101 93 113 151 168 180 180 182 180 166 140 94 92 101 106 109 115 112 113 108 100 200 207 152 159 162 142 64 62 47 117 61 74 90 84 81 61 54 65 51 55 54 124 82 57 49 107 115 182 177 196 196 195 88 77 64 66 64 61 87 142 59 56 123 143 148 155 165 191 208 208 92 62 64 108 86 61 70 65 64 59 66 180 97 67 70 63 59 62 61 60 141 146 153 164 160 161 157 159 156 161 157 161 160 158 156 161 153 154 155 152 148 145 140 142 138 
111 107 110 106 98 90 111 149 170 180 181 184 185 164 141 95 95 108 109 115 113 112 113 108 97 189 179 154 158 129 148 85 52 102 55 75 50 113 92 61 56 53 55 80 56 59 61 55 54 75 146 198 180 187 206 201 108 97 70 69 107 100 63 71 202 178 94 107 131 143 152 164 194 220 144 66 64 74 109 148 67 61 66 61 57 62 175 96 75 71 63 67 61 56 84 147 142 163 162 161 159 157 157 162 157 159 156 157 159 156 157 151 152 151 145 144 138 138 134 134 
112 110 110 104 100 90 107 149 168 183 182 186 183 167 141 102 97 107 114 120 119 117 126 80 60 156 165 215 180 54 57 58 96 69 84 69 76 133 116 58 62 67 56 102 63 56 63 50 55 124 117 155 183 200 196 133 130 134 120 66 122 87 78 184 207 193 132 136 135 137 149 167 204 217 116 139 98 87 175 148 75 62 58 56 62 64 180 76 86 66 63 62 64 57 112 146 145 163 161 160 156 154 155 157 158 158 155 158 157 157 153 151 149 149 143 138 134 138 154 170 
114 112 111 104 101 91 109 149 169 181 185 187 186 170 145 105 100 109 119 124 126 95 58 94 153 172 186 130 56 88 71 133 104 51 101 99 89 136 117 109 74 58 52 60 67 61 60 47 68 112 205 177 195 198 121 136 141 154 152 131 111 135 159 176 183 186 154 144 136 142 141 165 207 213 139 129 151 163 158 118 65 75 68 71 67 64 179 97 107 72 58 60 65 66 134 144 152 162 160 159 156 151 156 168 159 158 159 157 155 153 149 148 142 144 138 139 160 174 184 191 
115 116 115 104 99 87 105 151 168 180 186 190 187 173 144 106 101 115 121 120 123 101 117 152 136 125 96 78 56 69 102 107 60 58 110 96 53 120 117 122 53 60 59 59 57 61 50 46 149 138 166 186 203 118 126 144 154 153 153 154 153 142 143 143 138 153 159 140 141 141 143 160 202 221 168 150 137 127 109 89 101 82 70 68 88 62 173 122 104 68 64 64 57 91 146 138 162 164 159 156 156 156 155 154 156 153 156 153 151 150 146 139 139 139 160 177 188 192 192 191 
112 109 106 96 93 83 103 147 169 182 186 188 186 172 148 105 100 109 120 125 124 149 170 141 88 74 91 51 87 70 112 116 90 62 75 65 117 83 101 84 82 58 60 55 64 58 49 88 122 183 181 203 135 114 136 149 159 160 161 164 157 157 157 162 171 170 169 144 146 145 143 160 199 222 188 168 157 144 136 125 123 93 69 68 72 63 168 137 99 62 60 69 53 107 143 144 161 159 157 154 154 156 156 155 156 155 155 149 149 146 146 137 136 173 189 195 195 193 194 192 
109 104 100 95 93 81 98 148 167 179 185 189 187 171 148 106 101 112 118 122 125 131 120 119 128 116 65 62 98 125 109 92 64 53 79 99 70 128 81 167 58 61 64 56 61 58 53 158 142 184 195 176 96 128 138 151 158 164 173 170 182 170 171 179 174 173 165 148 153 144 144 154 196 223 187 175 160 152 145 137 125 97 70 64 72 54 167 153 84 63 55 65 58 130 140 154 162 161 159 156 155 153 158 154 156 153 151 149 146 144 138 139 178 195 201 197 194 191 194 194 
105 101 96 94 86 75 96 148 168 180 185 188 187 168 147 102 101 107 115 134 157 153 158 84 79 66 71 68 91 108 124 96 53 51 55 88 117 123 85 60 128 93 60 57 57 53 106 114 186 194 206 62 104 132 139 147 156 160 168 178 183 176 180 179 180 175 165 156 154 145 143 149 188 224 193 174 165 151 145 142 132 101 70 78 74 59 164 164 77 61 56 60 67 144 138 160 160 158 160 157 154 155 159 154 154 149 149 147 142 138 137 173 194 201 199 197 194 193 196 195 
96 96 90 94 83 72 93 146 169 182 184 190 182 170 145 106 97 110 123 124 137 112 103 93 97 74 75 114 92 144 71 58 59 58 59 53 94 86 49 101 141 104 48 53 59 53 152 134 188 200 54 72 115 137 139 145 154 161 166 179 182 184 181 179 180 173 164 161 157 150 143 148 181 224 196 168 163 155 148 141 140 93 65 68 93 56 160 148 60 56 62 57 93 148 142 163 160 158 160 153 156 155 155 154 153 149 144 147 139 135 165 193 198 197 199 196 197 197 200 205 
94 86 89 84 82 72 94 146 167 177 182 183 182 171 147 103 96 104 116 123 127 78 117 97 127 83 108 59 80 100 68 66 57 60 57 60 54 64 49 101 113 141 45 48 47 107 124 197 198 121 57 71 117 135 143 145 153 157 164 169 178 185 184 179 175 168 159 152 153 145 142 149 173 220 202 172 166 154 149 143 135 80 56 64 100 56 157 149 68 55 70 62 121 146 160 167 160 160 158 155 154 151 151 153 150 146 146 143 138 143 188 199 197 196 198 197 201 205 208 206 
89 86 88 83 78 67 91 146 166 178 179 181 183 166 148 100 94 138 112 121 152 120 65 126 77 104 62 75 70 134 106 66 66 57 54 65 74 70 58 106 136 117 137 45 53 149 133 200 206 48 68 76 111 129 143 146 154 158 162 165 174 180 179 175 174 168 158 147 147 139 139 149 169 216 211 168 162 157 150 142 132 74 62 72 100 53 138 141 106 53 65 59 138 144 165 164 161 158 158 155 153 151 150 150 150 146 144 143 134 172 197 198 196 196 198 203 207 209 206 204 
90 86 86 82 76 67 89 144 165 175 179 181 182 167 147 99 91 142 127 137 140 66 121 112 94 70 100 137 136 128 133 71 65 55 48 63 119 92 82 134 185 58 125 43 82 126 184 204 52 49 82 77 111 129 140 145 151 155 161 165 166 170 175 175 170 165 155 146 147 140 137 142 166 203 222 163 160 154 147 143 118 58 61 74 91 47 115 149 128 48 57 80 146 143 164 163 158 158 159 155 155 152 148 150 150 143 144 137 152 192 199 197 197 198 205 207 210 210 206 205 
92 89 84 82 72 64 91 143 166 175 182 182 181 169 145 99 92 103 115 133 138 76 110 98 109 94 78 93 122 138 63 47 58 61 57 60 101 86 150 99 96 56 64 48 143 131 206 112 52 53 92 77 107 131 141 145 150 150 160 161 163 162 168 169 170 159 152 137 143 140 139 143 159 190 227 160 160 155 147 142 100 53 63 80 80 49 94 160 140 55 55 104 148 148 164 161 157 156 154 160 154 152 153 151 146 144 141 133 177 201 200 195 197 205 209 209 209 208 210 207 
97 92 89 82 74 63 86 143 168 178 180 182 184 170 147 98 93 137 118 117 123 85 97 125 89 84 129 52 137 136 72 80 63 67 60 73 109 92 130 91 58 49 46 159 138 120 172 64 49 54 95 86 104 130 141 143 148 153 156 160 160 166 165 168 167 156 147 131 150 151 150 139 156 193 228 153 156 150 143 132 63 55 61 78 86 51 68 165 151 66 50 132 150 157 161 158 157 156 155 156 153 153 152 152 150 143 136 148 193 201 197 198 202 209 210 207 207 209 209 207 
98 94 90 87 79 69 97 146 166 177 179 181 184 171 148 114 100 103 115 125 106 74 105 121 75 71 109 65 130 101 111 160 58 70 89 51 73 55 115 63 49 50 56 175 180 180 96 49 53 55 99 91 111 129 140 143 148 153 156 161 160 161 165 166 164 159 149 140 149 94 131 138 144 183 203 157 157 150 141 115 53 56 63 83 87 65 55 171 146 55 56 150 151 162 160 158 156 155 156 156 152 150 151 149 147 144 134 170 197 199 199 201 207 207 208 209 208 209 209 208 
94 92 93 88 84 81 109 152 170 175 178 183 184 173 149 103 95 106 116 122 94 83 91 103 50 138 67 92 119 104 159 133 45 63 101 58 46 76 104 63 60 53 138 167 189 151 55 53 60 58 101 95 119 131 140 144 146 150 158 157 160 162 164 167 165 161 156 136 142 135 142 120 135 164 178 162 151 151 142 68 60 55 65 93 87 63 52 166 134 71 93 154 153 163 163 157 153 154 153 153 151 150 149 151 147 141 137 179 200 200 200 207 209 210 207 210 212 211 210 208 
90 95 94 89 83 89 121 154 169 174 175 182 186 172 150 103 92 105 112 125 109 52 92 69 103 71 91 85 115 103 114 132 57 67 137 135 43 107 80 98 119 169 121 125 202 52 55 67 63 54 107 107 121 133 138 143 144 150 153 156 158 158 161 161 166 164 161 156 147 146 157 150 198 197 174 158 153 145 124 58 59 59 71 88 80 69 55 155 129 93 119 151 152 162 159 157 156 153 152 152 151 151 147 150 144 139 142 191 199 201 204 209 207 209 209 212 211 211 208 210 
91 86 92 89 77 89 126 156 169 174 177 183 187 172 150 103 89 105 113 143 117 65 85 108 85 58 77 75 107 117 80 97 123 76 97 82 78 50 131 144 175 107 104 198 57 62 65 68 69 58 97 116 119 135 141 143 145 153 152 153 155 162 161 163 166 164 162 158 155 159 194 172 201 196 171 154 152 145 67 58 58 61 68 85 82 76 58 133 133 100 138 150 154 159 159 153 154 153 154 152 150 152 151 148 144 136 156 195 199 201 206 210 207 207 208 210 210 210 211 211 
89 90 83 84 78 89 127 156 171 177 176 181 186 174 150 108 89 100 125 123 108 74 114 61 87 71 80 78 87 101 80 139 124 71 87 66 57 101 151 174 185 112 123 67 56 63 64 68 71 63 82 109 117 132 141 145 144 150 153 152 154 156 159 160 162 166 156 159 159 170 209 188 204 196 171 153 148 132 57 59 60 66 74 87 84 70 56 110 129 99 147 152 160 157 158 155 154 150 153 151 148 145 148 147 145 135 163 197 200 205 212 210 208 209 210 208 212 211 213 212 
84 80 84 82 76 87 120 154 168 176 180 182 184 174 151 102 92 104 133 123 97 95 115 62 64 70 72 89 66 80 80 86 120 146 41 60 138 113 162 197 107 110 133 46 88 62 69 65 82 63 68 106 104 130 139 143 148 151 151 153 150 152 153 154 156 158 155 155 161 171 205 200 212 195 167 149 149 71 58 69 56 65 85 85 74 78 55 102 145 100 148 155 160 158 157 159 150 151 153 152 151 149 148 146 141 135 167 199 204 211 210 210 211 211 207 212 213 213 214 213 
76 72 80 82 75 89 121 156 170 178 180 182 185 175 149 101 90 147 108 126 80 54 107 60 70 65 74 110 105 87 83 70 102 129 80 145 142 206 203 100 102 182 49 56 94 56 65 70 80 60 70 100 94 126 140 145 144 148 150 154 152 155 141 141 145 151 150 147 147 142 151 156 148 148 119 145 143 58 58 59 62 69 74 88 79 76 51 71 157 123 154 151 161 161 155 150 151 149 151 152 150 148 145 145 140 132 172 199 207 213 212 210 210 212 212 214 214 214 214 214 
70 68 76 79 80 92 125 157 170 180 185 184 185 173 147 101 145 103 112 156 75 88 54 73 73 70 64 126 104 110 88 93 117 85 88 131 173 213 160 111 147 65 61 58 66 60 60 71 77 60 65 92 89 119 137 142 143 144 151 153 158 156 129 121 110 119 125 124 117 121 134 140 133 137 138 154 74 56 61 56 69 81 83 81 78 75 55 63 163 150 155 154 160 158 157 156 155 150 153 151 150 146 149 148 139 131 178 203 213 213 212 210 209 213 212 213 214 218 215 214 
67 70 74 79 78 92 123 156 170 179 182 186 186 171 146 144 96 96 146 126 91 73 69 58 74 68 62 155 66 111 103 101 71 97 131 153 131 202 111 135 142 60 65 56 63 69 64 66 71 67 69 80 90 110 129 137 137 140 145 149 158 156 154 145 145 144 147 151 173 181 193 203 158 147 156 136 56 60 64 55 68 63 96 86 73 80 57 62 168 160 156 154 159 159 157 158 157 152 153 154 151 152 149 145 137 132 184 209 215 212 212 212 211 213 213 214 214 213 213 212 
68 66 71 75 74 99 121 156 167 177 182 186 188 173 173 103 85 107 133 118 71 132 64 59 109 98 84 143 92 90 82 96 96 106 152 149 187 104 170 153 57 57 66 61 63 69 61 79 71 74 66 77 76 102 124 131 131 137 141 144 151 155 156 148 144 139 146 144 156 162 159 157 148 157 146 64 59 54 61 59 66 61 103 84 80 73 63 62 167 161 157 154 159 158 156 158 156 155 154 154 149 149 148 150 138 130 189 214 217 214 213 215 215 215 216 213 211 207 207 207 
64 65 73 68 75 105 116 153 166 181 183 184 186 173 148 98 81 159 111 110 68 155 55 47 89 64 95 134 126 119 77 90 136 134 150 151 184 167 210 62 62 65 68 61 67 64 70 65 70 78 65 79 83 87 110 122 127 132 138 142 146 151 155 152 147 144 141 135 137 137 135 146 159 153 99 57 52 60 66 69 66 64 103 83 91 75 70 63 164 161 157 160 156 159 158 159 157 158 153 151 150 147 145 143 133 126 197 219 217 214 214 217 218 216 213 207 207 208 208 210 
62 66 65 63 89 110 121 147 163 180 183 184 186 174 151 100 85 152 110 82 69 104 60 57 64 62 145 143 78 134 103 108 127 103 133 136 204 197 62 58 59 60 67 62 65 63 64 69 69 74 60 75 82 75 100 110 120 128 139 141 146 151 151 148 148 150 150 155 158 161 162 161 149 146 68 60 51 60 67 67 65 58 111 85 81 77 74 65 168 160 151 156 160 158 156 156 158 156 154 152 149 147 145 141 130 123 197 220 220 216 217 216 214 212 210 212 210 212 212 212 
60 61 61 61 102 111 124 148 163 178 184 182 184 173 150 106 84 120 112 81 104 69 54 68 58 71 109 108 118 143 121 94 85 134 134 128 183 82 59 59 63 64 68 63 65 63 61 59 67 75 66 72 73 64 80 93 109 122 135 143 146 149 149 152 157 163 159 172 177 176 164 160 157 84 74 58 59 62 69 63 60 65 115 89 86 89 80 69 172 162 153 163 159 160 158 154 153 155 152 154 146 145 144 141 127 121 201 220 220 215 214 213 214 214 213 214 209 210 209 207 
61 65 59 60 100 111 123 148 163 181 182 183 184 173 149 102 88 110 104 80 74 59 67 64 58 61 111 106 68 124 149 127 95 136 159 82 105 76 57 65 61 59 69 60 67 56 70 59 61 71 68 68 69 65 88 64 85 104 121 137 141 147 153 156 162 169 174 172 173 177 177 157 156 51 82 57 56 62 71 60 59 69 121 85 89 89 75 66 173 162 152 164 159 155 156 151 154 153 152 151 145 144 142 136 128 128 209 222 218 213 213 214 216 215 212 208 208 208 206 203 
61 64 59 60 83 108 132 147 166 178 179 182 184 174 150 98 79 108 64 61 96 75 72 73 59 56 115 134 61 99 109 133 123 120 152 87 93 63 59 63 60 65 76 60 70 61 64 59 61 68 66 65 72 68 86 71 59 76 96 123 130 138 143 153 158 161 168 175 175 172 167 154 139 54 65 66 64 64 81 68 68 74 114 89 85 90 78 68 175 163 151 150 154 154 156 153 154 152 152 148 147 142 141 134 125 141 214 223 216 212 214 215 215 212 207 208 204 191 168 116 
57 59 56 57 72 106 117 149 167 178 178 181 185 171 146 92 100 142 138 53 93 74 67 73 61 58 85 146 81 82 112 111 134 131 159 136 148 66 53 62 63 70 87 53 79 60 61 62 64 61 66 74 76 75 69 93 76 74 76 83 101 112 124 136 146 158 158 167 167 156 155 143 123 59 61 61 66 64 68 64 59 74 117 93 83 93 81 79 180 163 131 127 137 141 145 147 151 152 150 148 145 143 134 128 120 169 215 218 214 214 213 213 212 210 202 184 145 76 54 55 
64 64 55 54 73 96 103 147 165 175 179 178 182 170 139 130 171 77 116 60 98 72 71 61 61 57 88 123 121 90 66 97 140 92 156 120 67 169 80 53 57 71 94 50 84 59 59 65 60 57 63 69 69 66 61 81 96 118 130 142 146 150 148 151 151 160 161 158 163 167 174 187 196 152 69 62 65 61 70 57 64 71 116 94 89 95 84 76 178 150 122 115 117 125 128 130 132 138 145 144 144 141 135 126 116 191 218 212 213 210 209 210 208 195 172 103 57 51 61 78 
73 73 64 54 66 85 92 140 162 175 178 178 180 168 163 133 92 68 60 48 88 76 74 66 99 59 73 128 109 112 68 128 148 101 101 121 94 125 149 60 56 76 93 54 81 61 61 65 64 63 67 68 70 63 64 89 104 131 139 135 139 144 144 148 153 157 154 151 153 159 178 187 199 201 205 183 82 59 64 57 59 83 116 90 79 95 86 76 171 140 135 135 127 123 119 117 115 115 122 126 126 131 131 127 119 196 216 209 209 213 212 209 195 180 123 59 58 72 92 88 
125 104 85 67 77 72 74 125 161 175 178 176 181 194 151 95 111 145 51 51 57 92 71 62 113 82 86 60 124 70 105 152 83 106 122 110 110 186 103 155 55 68 86 53 95 58 60 57 64 62 59 67 70 69 70 78 106 134 135 138 139 141 147 147 151 150 151 151 154 162 177 190 198 199 202 203 208 189 74 48 48 80 105 86 84 92 82 67 158 137 144 140 137 133 131 121 115 110 108 105 105 107 115 106 99 190 211 206 210 210 212 207 181 101 60 68 75 86 94 97 
137 135 119 91 90 70 68 120 161 174 175 178 180 174 150 103 106 56 51 53 54 79 60 47 129 82 83 51 89 128 101 135 71 117 114 154 130 120 112 99 133 66 71 50 97 60 61 56 66 64 60 66 71 84 69 71 106 124 129 139 142 135 148 151 153 151 147 152 158 167 179 189 192 194 198 203 206 209 212 141 44 76 102 81 78 90 84 69 160 139 150 147 147 141 140 139 131 123 116 109 98 102 132 116 86 190 210 207 213 209 206 178 108 62 81 88 90 97 100 98 
133 149 143 122 102 76 66 122 158 173 177 179 182 171 147 184 116 53 54 49 46 100 143 135 79 72 82 99 72 89 88 69 92 82 129 158 143 115 65 58 115 60 65 56 97 63 66 56 66 67 64 63 77 91 66 67 102 129 134 141 135 143 150 153 149 147 149 156 165 168 175 185 189 195 192 200 206 205 210 214 182 60 90 71 74 93 84 73 159 150 152 150 149 146 144 142 138 134 125 122 114 113 143 119 104 201 212 213 215 209 197 97 60 93 96 93 101 110 104 97 
130 145 152 144 126 85 59 118 160 178 180 180 183 170 156 175 124 57 61 63 69 80 59 80 68 64 73 68 51 144 55 89 71 113 92 143 140 146 56 186 111 121 58 55 90 65 64 59 66 76 62 67 77 102 91 60 93 132 138 124 145 149 148 151 152 150 155 159 167 171 175 180 186 189 193 196 201 204 210 214 216 176 69 66 66 87 82 97 154 148 155 148 147 145 144 144 141 139 134 130 124 125 137 128 143 209 214 214 214 202 167 67 83 98 103 100 114 112 99 107 
89 130 151 158 147 93 62 118 161 179 182 181 185 174 153 135 119 50 54 58 60 66 58 56 82 69 55 53 61 63 104 66 80 82 105 138 132 119 116 93 130 172 52 52 96 68 60 56 64 76 60 63 79 114 114 62 96 138 122 145 148 152 149 150 151 154 154 161 168 167 172 179 180 182 186 194 199 204 208 213 217 219 137 58 65 70 66 125 148 152 153 149 147 145 147 147 144 136 137 130 128 131 145 138 178 213 214 215 214 189 128 77 106 102 103 116 120 106 101 112 
55 112 153 166 153 115 56 117 164 179 185 182 181 170 154 133 101 51 54 59 105 59 64 56 109 57 71 50 110 51 79 99 99 81 98 129 117 125 163 57 119 144 46 45 84 71 64 56 61 70 60 61 70 128 122 57 91 130 142 145 146 149 150 151 152 152 154 159 163 166 168 175 178 182 186 193 198 201 206 209 215 218 220 70 62 61 59 153 139 147 148 149 149 146 149 145 142 140 138 132 134 134 145 146 192 218 214 214 211 171 89 94 102 108 113 126 107 104 110 113 
44 69 148 169 162 126 51 112 162 180 183 180 185 176 154 178 72 54 52 63 59 59 58 58 119 54 85 52 47 101 91 82 91 117 91 98 145 150 148 84 75 159 56 46 90 80 60 56 62 70 59 61 84 121 119 62 99 131 144 142 150 144 148 151 154 151 157 156 162 167 170 171 178 183 183 190 195 199 205 209 214 218 221 197 56 59 49 157 143 154 151 151 147 148 145 144 141 144 140 130 129 131 164 187 206 216 215 214 204 136 98 106 104 114 125 114 98 108 115 109 
50 64 144 173 167 115 50 113 160 181 184 184 184 177 158 123 59 61 56 65 61 60 61 55 151 50 89 50 58 65 71 76 93 106 93 93 126 149 166 45 60 185 45 51 90 99 63 61 63 66 60 71 105 115 126 64 101 134 145 143 149 151 150 150 151 154 156 155 161 163 166 171 177 179 186 189 191 200 206 211 215 215 221 223 58 50 49 153 137 155 156 151 149 149 147 145 142 139 134 128 129 166 197 205 213 218 216 210 183 107 105 101 114 122 122 101 104 114 106 108 
44 57 140 168 168 118 49 110 162 180 183 182 186 177 157 145 51 54 71 57 56 57 49 73 141 53 60 51 61 62 55 56 70 104 94 79 130 124 142 143 68 152 131 44 89 82 67 65 63 65 62 74 111 132 135 61 105 135 144 147 150 151 149 149 150 153 154 155 158 160 166 169 171 177 181 187 190 197 205 210 211 214 216 222 170 47 51 151 157 152 151 147 150 147 145 139 137 133 134 135 137 203 216 208 214 218 215 203 149 103 104 108 121 126 110 99 107 115 106 107 
43 53 127 170 169 127 50 110 163 182 183 186 187 178 156 139 56 69 51 55 53 53 59 122 116 52 54 76 57 50 65 57 71 67 120 82 140 146 149 130 158 106 79 56 70 66 66 72 69 64 65 92 135 138 135 67 105 136 144 148 149 151 149 148 151 152 152 155 159 164 166 168 171 178 180 187 191 196 203 210 210 213 215 220 218 45 56 147 151 149 149 148 147 146 146 143 135 136 129 130 151 213 219 212 215 218 214 183 124 114 106 108 122 121 106 104 114 111 108 96 
45 52 129 168 168 128 52 102 161 182 180 179 181 169 159 122 68 55 55 55 54 77 72 58 87 58 50 73 51 54 64 55 101 55 72 128 131 142 89 123 149 144 94 63 60 63 77 64 70 61 88 105 138 137 134 65 110 141 146 147 149 153 151 149 150 151 150 152 156 159 163 166 171 173 178 184 193 195 201 207 208 212 214 218 223 49 69 147 149 148 148 146 144 145 146 140 137 133 132 129 168 215 212 210 219 218 208 156 128 116 112 114 125 118 102 105 111 103 100 90 
43 50 118 167 171 138 53 101 162 181 183 182 184 174 155 131 82 58 61 55 58 68 63 57 91 65 70 58 56 57 57 55 107 65 57 126 117 112 103 46 98 54 59 112 123 128 65 66 67 65 86 122 138 139 129 71 114 144 147 145 150 152 150 149 148 150 152 153 156 158 160 165 166 173 174 182 188 193 199 205 207 210 213 215 219 134 93 148 149 158 146 146 141 143 143 143 138 132 131 131 179 215 209 209 221 215 189 135 131 116 111 118 119 107 100 112 110 103 96 100 
46 54 109 162 171 138 55 99 159 179 183 184 183 175 152 121 65 67 58 55 56 68 65 59 71 64 55 57 80 52 75 61 75 52 80 103 123 112 130 97 111 67 53 74 68 70 100 64 57 77 100 130 140 140 105 94 124 144 150 152 152 153 153 148 149 150 151 151 156 155 160 163 166 172 174 177 187 193 198 201 210 209 212 214 216 199 109 150 154 149 147 146 143 145 145 141 138 131 137 137 165 207 207 210 221 210 169 131 124 118 105 112 105 100 110 111 104 105 98 101 
52 50 93 158 172 138 65 99 158 179 181 180 185 175 152 146 89 65 52 60 84 69 54 63 68 60 67 61 75 56 62 89 69 101 70 154 117 113 72 114 112 121 65 62 74 67 65 63 60 89 109 131 137 138 80 101 137 147 152 152 154 152 151 151 148 147 150 152 155 157 161 162 164 171 170 175 180 187 194 201 204 207 211 214 214 214 120 147 138 148 149 152 149 144 147 144 140 134 140 146 148 165 176 212 218 205 153 124 118 110 106 110 91 104 116 109 97 103 101 99 
49 52 80 154 163 144 74 99 156 178 180 182 184 177 153 160 98 64 56 65 59 58 55 71 76 59 68 71 67 59 63 66 55 111 81 58 74 127 59 75 176 72 62 57 67 59 60 57 64 93 124 132 137 133 62 107 144 148 149 152 154 156 150 152 151 150 152 152 153 157 157 160 163 165 168 176 182 187 195 197 203 210 210 213 214 216 146 132 108 116 127 137 145 148 147 146 141 139 150 152 150 141 165 217 219 198 142 123 114 104 111 95 94 112 111 101 98 105 102 87 
49 51 81 152 175 155 76 98 154 179 182 181 185 176 157 136 100 57 55 65 60 57 61 61 59 68 72 57 63 53 76 57 62 119 111 71 51 82 54 121 104 52 70 53 58 60 51 65 80 109 129 133 137 102 80 131 147 147 149 153 155 155 153 154 152 149 148 151 156 157 157 161 160 167 169 173 176 185 191 196 204 209 211 214 215 217 195 94 85 86 98 104 113 124 133 137 140 150 159 151 141 144 188 221 214 180 131 109 93 106 100 86 107 106 106 98 109 101 94 71 
45 49 64 159 178 160 94 93 152 175 179 182 184 178 160 120 87 50 63 55 56 56 72 69 57 73 71 63 54 64 55 113 69 94 124 85 70 90 88 62 74 63 57 70 56 58 59 69 92 125 135 131 130 57 104 144 146 146 149 151 154 152 155 152 151 151 148 150 154 153 156 157 160 165 167 174 176 182 188 196 203 206 210 212 215 217 217 90 98 91 90 85 86 88 93 102 110 133 158 153 161 152 204 222 203 149 109 87 95 102 87 103 111 100 98 106 112 104 80 63 
54 55 64 156 180 165 107 95 151 172 182 181 185 181 160 115 90 50 59 54 56 84 61 73 53 77 76 69 60 64 69 50 60 92 125 118 111 102 111 50 59 66 53 56 53 53 58 81 110 128 134 131 72 77 127 148 150 150 151 152 152 156 156 152 151 150 149 150 151 152 154 159 158 163 163 170 173 181 188 191 202 205 207 211 213 218 220 91 106 106 104 99 89 76 66 59 61 79 111 191 187 168 212 219 183 115 79 73 94 90 103 115 100 98 101 107 107 99 68 66 
82 86 84 148 182 179 114 96 149 173 182 179 188 179 148 123 77 50 54 68 60 59 63 57 61 68 68 69 59 51 52 67 86 58 73 144 133 97 125 55 63 52 55 56 50 57 75 96 123 129 132 99 55 113 145 149 147 151 149 152 154 154 156 154 153 152 149 148 149 151 150 155 156 161 165 164 173 181 185 191 198 202 207 209 213 215 217 150 101 113 112 107 102 90 75 60 47 49 148 208 182 181 215 211 144 83 76 90 88 88 117 104 92 93 96 114 107 86 78 66 
97 98 105 147 181 178 128 101 149 173 183 182 188 180 136 126 93 52 61 60 57 59 67 59 58 57 75 64 58 55 68 52 65 64 67 79 127 132 110 60 59 54 56 48 54 63 90 114 132 132 99 52 101 140 145 148 148 151 151 152 153 155 154 154 155 153 151 149 150 151 152 154 155 159 162 166 171 173 179 187 195 199 205 208 211 214 216 207 93 112 116 113 107 100 88 73 60 59 146 204 186 196 204 166 77 66 79 82 85 109 112 88 87 91 106 120 101 91 74 72 
90 110 123 149 179 174 135 99 147 173 180 183 189 182 137 129 68 66 58 60 66 56 68 58 55 75 76 63 89 58 59 92 62 58 84 67 127 85 112 57 56 58 53 51 66 85 104 116 130 68 52 104 131 141 144 148 148 151 149 150 151 152 156 153 156 152 155 149 150 151 150 154 154 157 161 163 168 173 175 180 191 196 202 207 211 214 214 217 90 102 113 111 104 106 99 84 83 85 133 206 211 185 147 86 67 76 84 83 102 113 94 85 86 102 120 109 99 83 71 75 
78 115 111 136 174 175 133 102 148 173 182 182 188 182 147 118 57 58 61 67 76 59 78 57 59 85 84 67 90 51 59 80 59 123 75 84 110 82 75 50 54 54 50 53 71 98 97 73 52 94 115 132 137 139 144 149 149 149 151 153 152 154 154 156 157 156 156 153 151 151 151 150 154 158 159 163 166 173 178 178 183 194 199 206 212 214 214 216 110 98 109 107 109 109 108 95 104 102 140 204 194 118 88 79 85 86 84 107 117 102 84 78 93 111 114 106 93 67 78 73 
61 86 101 129 172 176 142 102 144 170 182 187 189 182 159 86 55 52 58 62 69 61 72 54 55 71 74 74 125 95 59 102 61 67 74 68 115 150 73 59 55 55 59 59 54 57 77 98 111 128 137 141 142 142 144 147 145 149 151 150 152 152 154 154 156 155 155 154 154 150 155 151 152 156 159 163 165 170 174 180 185 189 196 201 207 212 213 216 184 92 99 104 113 115 106 112 118 115 122 150 119 91 89 95 92 82 96 113 103 83 77 78 110 120 118 106 81 73 74 65 
66 70 89 118 169 179 146 108 142 170 181 186 189 180 158 78 62 54 61 59 72 61 64 53 60 88 58 58 93 121 52 104 91 53 95 73 116 104 97 52 58 49 54 69 87 103 118 125 133 135 137 139 143 139 142 145 147 149 147 152 153 154 152 152 156 155 156 155 158 153 152 152 152 157 158 162 162 167 171 177 184 188 192 198 206 211 212 214 212 85 95 105 112 118 114 120 125 124 124 115 104 103 109 102 89 92 112 102 89 86 76 98 118 127 111 97 77 68 68 65 
61 61 70 111 194 202 186 111 143 172 183 185 189 181 101 68 62 58 56 62 67 69 65 103 54 116 53 60 118 129 74 75 123 51 85 120 59 108 59 52 59 60 67 87 112 124 131 128 133 139 140 143 140 143 145 147 147 148 150 152 151 155 152 153 156 156 157 154 157 157 155 154 153 158 158 159 164 168 173 175 181 184 189 197 202 207 209 207 214 81 92 109 112 114 121 127 125 125 123 118 113 124 123 107 97 104 97 79 82 80 91 116 125 118 103 81 67 67 65 70 
61 61 65 119 198 206 193 122 143 168 182 184 185 181 137 70 53 52 53 67 70 76 81 67 64 133 62 67 119 84 126 59 109 60 59 75 59 81 100 89 47 63 86 109 119 124 129 134 133 138 140 141 141 144 146 144 146 147 150 148 154 150 151 155 156 158 156 158 157 160 160 157 156 160 163 162 164 167 171 172 180 184 188 194 202 206 209 210 212 124 87 96 108 110 124 125 129 129 127 128 132 140 120 105 108 97 90 90 87 88 112 131 126 109 88 67 60 66 74 97 
58 61 59 99 196 199 190 121 146 169 183 185 187 182 90 64 52 60 48 58 82 83 79 64 95 100 76 67 110 89 85 80 130 55 55 76 73 61 93 106 98 88 97 107 122 129 132 136 139 140 141 140 140 143 145 145 145 149 150 147 149 151 153 153 156 154 153 159 156 159 159 157 159 158 158 167 164 168 172 172 176 179 187 194 196 202 206 211 213 182 104 100 97 110 114 133 142 135 135 142 150 135 111 105 91 82 97 97 91 102 126 134 121 86 66 57 61 73 96 115 
