6,0,0,0,0,0,0,19,30,59,75,42,0,0,0,7,23,0,0,0,0,0,0,2,9,15,2,0,12,1,2,0,0,0,11,0,10,6,7,0,0,0,0,4,3,0,0,6,0,0,0,19,0,0,2,8,0,0,18,0,0,0,0,3,0,1,4,3,10,0,13,0,0,0,21,32,29,28,0,0,0,0,0,0,0,0,3,2,7,3,10,0,0,99,63,76,137,0,0,3,16,3,1,13,0,0,15,7,4,0,0,9,0,26,60,190,100,0,71,
71,0,5,0,0,0,0,32,35,53,62,18,0,0,0,0,5,0,3,0,0,0,0,1,6,8,4,0,4,1,0,5,5,0,0,0,4,0,0,0,0,8,1,3,0,0,0,3,0,0,1,6,0,0,0,0,0,0,0,2,0,1,0,0,0,0,0,1,4,4,0,0,0,0,0,9,11,17,3,0,0,4,4,0,5,1,6,2,4,0,5,0,0,0,67,26,124,82,0,0,11,19,0,1,0,0,0,0,0,0,0,0,24,108,239,97,0,0,217,
217,62,2,0,0,0,34,32,27,34,39,29,0,0,0,17,2,26,20,0,0,0,0,0,4,8,9,0,0,0,0,5,1,0,0,2,4,0,10,3,0,8,0,0,3,0,5,5,0,5,0,11,0,0,7,21,0,5,0,0,9,0,4,0,2,0,8,1,18,1,7,0,16,0,0,4,38,8,17,13,0,7,13,20,0,0,4,0,3,0,0,1,0,0,71,49,60,167,0,0,0,12,0,0,6,0,0,0,0,0,0,30,131,250,59,0,0,0,255,
255,95,0,0,0,20,27,26,9,21,33,34,0,0,0,3,12,10,12,3,0,0,2,10,16,3,0,0,7,7,9,2,15,14,5,4,8,0,9,10,2,0,3,0,18,11,12,4,22,6,1,22,0,0,13,19,11,0,8,13,12,0,14,12,0,5,18,2,8,5,14,7,3,0,0,0,26,22,12,22,10,2,20,13,8,5,17,0,10,1,0,6,4,0,0,87,33,97,150,0,0,3,6,2,17,12,0,1,0,0,38,144,251,33,0,0,0,0,255,
255,101,7,4,0,27,28,7,0,4,54,61,9,0,0,0,37,9,0,0,0,0,2,0,6,4,0,9,12,1,2,0,2,0,0,0,6,0,10,0,0,0,2,8,1,2,13,0,0,0,4,0,0,0,2,5,5,0,0,8,0,0,0,0,0,0,0,0,10,0,1,17,0,0,0,0,17,33,16,25,7,2,0,5,13,0,0,0,0,0,0,5,0,0,0,51,55,41,162,0,0,0,15,0,0,2,0,0,14,40,148,255,39,0,0,0,0,0,255,
255,106,9,0,0,40,26,0,0,21,62,61,0,0,0,1,8,6,13,1,0,0,0,0,17,6,3,3,6,0,1,7,2,0,3,2,1,0,0,8,0,0,6,33,10,0,0,0,0,13,1,0,0,0,0,0,4,0,13,15,0,0,2,0,4,4,3,0,22,0,4,26,0,0,0,0,17,33,37,18,13,6,0,0,1,2,0,2,0,0,4,0,1,1,0,0,109,38,72,166,0,0,7,23,19,2,0,0,23,133,255,20,0,0,0,0,0,0,255,
255,99,0,0,0,8,20,0,0,30,85,62,0,0,0,16,19,31,16,0,0,0,0,0,14,18,6,0,3,0,5,6,0,0,8,6,5,14,1,0,3,0,10,12,12,3,0,0,0,0,19,3,6,0,0,7,0,0,7,0,0,0,15,10,0,6,0,3,12,17,2,0,0,0,0,0,28,26,27,12,18,0,0,6,8,0,0,0,2,6,11,11,8,11,0,0,22,44,25,128,117,0,0,11,1,0,0,25,142,255,50,0,0,0,0,17,0,0,255,
255,89,9,0,7,29,32,0,0,26,75,54,0,0,0,4,21,11,0,0,0,0,0,7,9,8,0,7,0,19,1,20,0,0,0,2,1,0,0,2,11,6,0,16,0,0,0,3,0,15,20,4,0,0,0,15,0,4,22,12,0,11,11,0,0,0,0,6,8,10,3,0,6,0,0,0,10,17,16,13,2,2,0,0,9,0,16,0,9,0,3,12,6,17,5,0,0,104,55,57,182,0,0,0,0,10,25,144,252,40,0,0,0,37,14,21,0,0,255,
255,96,0,1,46,34,6,0,1,32,64,49,0,0,0,10,21,0,0,0,0,0,0,4,5,8,0,0,1,0,2,0,0,0,8,11,5,0,3,2,9,0,0,4,1,0,3,0,0,0,0,0,0,0,0,16,14,17,23,0,0,0,7,0,0,6,0,0,10,4,9,0,8,1,0,0,15,28,23,13,0,10,6,0,3,0,0,0,6,20,13,11,7,2,2,0,0,9,89,28,117,163,0,0,0,11,122,248,39,0,0,0,33,41,20,0,0,0,255,
255,101,0,41,59,0,0,0,0,28,66,68,0,0,0,9,12,18,4,17,0,0,0,5,23,3,0,1,0,1,5,0,0,14,12,4,0,0,15,0,4,0,0,0,0,0,0,0,0,0,0,0,0,0,0,0,0,4,0,0,0,0,4,5,3,1,15,0,13,6,12,0,0,0,0,0,0,23,18,3,8,1,9,0,0,0,0,10,4,10,9,0,0,0,0,0,0,0,97,58,43,154,0,0,5,106,246,61,0,0,0,6,48,31,4,11,0,0,255,
255,91,1,81,45,0,0,0,14,11,65,57,0,0,0,5,21,19,10,0,0,0,5,0,0,10,0,5,5,7,0,0,0,11,4,6,0,0,7,27,0,0,0,0,17,17,23,1,58,77,107,97,129,159,141,80,0,0,0,0,5,0,25,15,17,0,0,5,9,25,0,9,0,0,0,0,0,41,20,0,0,0,5,9,0,9,1,12,18,1,7,4,0,0,0,0,0,0,0,88,26,72,160,0,25,237,64,0,0,0,3,28,48,29,0,0,0,0,255,
255,96,45,85,43,0,0,0,27,28,0,59,0,0,0,7,17,25,0,3,5,0,0,20,14,19,0,5,23,0,0,10,23,2,11,8,0,0,0,0,0,0,21,47,78,0,0,24,79,20,50,49,8,0,0,2,75,123,77,0,0,0,3,0,0,4,3,6,9,4,6,0,0,0,0,0,8,34,38,0,0,2,8,14,7,5,13,0,12,2,0,0,0,0,0,0,7,0,0,63,54,27,162,151,18,89,0,0,0,0,27,18,0,0,0,0,0,0,255,
255,129,94,84,38,0,0,0,49,32,0,38,0,0,0,16,6,8,0,0,0,2,0,18,10,5,7,13,3,0,0,8,1,0,0,0,0,0,69,81,0,5,70,43,3,9,13,0,0,0,0,17,0,0,0,10,0,16,53,127,13,0,0,22,32,0,12,0,11,1,0,0,11,0,0,0,6,39,30,1,0,9,0,8,7,0,0,0,0,0,0,0,0,0,0,0,0,0,0,0,113,44,155,255,68,0,0,0,0,39,22,18,1,0,35,0,0,0,255,
255,190,92,95,0,0,0,26,58,31,12,27,75,0,0,1,16,14,0,0,0,0,0,6,18,0,11,0,0,4,0,1,2,0,0,23,115,115,53,0,0,0,28,0,0,0,0,20,0,24,5,0,0,0,7,17,0,5,11,0,96,95,0,0,0,4,3,0,0,6,0,9,0,0,0,0,2,30,30,5,0,14,0,7,12,28,0,0,0,2,5,0,3,2,0,0,1,8,0,0,23,153,255,255,0,0,0,0,9,30,21,0,0,33,0,0,0,0,255,
255,225,96,92,0,0,0,60,66,25,9,31,64,70,0,0,2,0,0,2,0,4,0,0,10,3,1,0,24,2,0,6,0,0,100,49,0,0,0,0,0,2,28,0,4,12,0,0,0,0,0,9,0,52,25,0,12,0,0,4,2,25,97,0,0,0,24,3,4,7,14,0,6,0,0,0,13,29,42,8,2,6,8,1,0,20,1,0,0,0,9,0,0,0,0,0,0,1,0,0,0,255,255,184,0,0,0,23,42,20,15,0,0,1,0,0,0,0,255,
255,208,101,36,0,0,0,41,64,29,7,32,63,54,3,5,12,35,20,5,3,0,0,10,21,0,0,0,0,0,8,0,0,0,65,0,0,0,0,7,0,17,26,0,12,2,0,0,0,11,22,49,0,0,0,0,0,10,0,11,12,13,0,127,107,0,0,0,0,13,8,0,0,2,0,0,0,41,37,11,15,28,10,23,0,0,25,0,0,10,17,0,0,0,0,0,0,0,0,17,107,255,250,0,0,0,0,16,29,7,0,19,18,0,0,52,0,0,255,
255,235,74,0,0,0,11,64,73,38,12,30,53,66,0,0,27,12,12,0,0,0,0,0,0,7,0,2,3,0,0,0,0,164,0,0,0,0,0,15,0,16,0,13,28,1,3,0,0,0,0,0,0,4,4,25,27,15,11,31,24,0,0,0,0,27,0,0,0,25,17,0,0,14,0,0,1,64,40,34,20,48,20,0,0,0,32,9,0,9,28,0,0,0,3,7,8,0,8,96,255,166,0,0,0,0,48,33,0,0,0,35,0,0,43,0,0,0,255,
255,236,16,0,0,0,31,68,63,32,17,21,68,78,0,0,0,0,6,0,0,0,0,11,18,14,0,0,3,9,7,0,31,118,0,0,0,21,0,0,39,0,23,0,12,4,0,0,20,0,0,0,21,46,22,0,2,25,1,0,0,0,0,22,49,76,255,255,0,1,22,0,2,0,0,0,7,49,39,24,10,59,52,0,0,0,20,45,0,0,14,0,0,4,8,0,0,0,66,219,255,0,0,0,0,23,24,9,0,3,41,0,0,0,28,0,0,255,255,
255,140,0,0,0,0,10,65,44,25,25,39,51,53,0,0,0,21,0,0,0,0,0,10,7,0,2,4,8,2,0,18,81,0,0,0,19,19,10,16,0,0,0,0,10,0,0,0,0,0,0,0,38,28,36,36,9,0,0,0,1,78,62,45,23,0,19,254,0,0,20,18,0,0,0,0,5,45,45,12,10,56,94,27,0,0,24,32,15,0,16,0,0,0,0,1,0,39,159,255,0,0,0,0,8,32,16,0,0,44,0,0,0,0,0,0,255,255,190,
190,0,0,0,0,0,15,58,69,39,20,38,52,49,0,0,0,7,11,20,7,0,0,3,1,1,0,2,0,8,31,63,8,0,0,0,1,39,15,6,0,0,7,0,34,0,0,0,0,0,17,0,26,36,24,4,0,0,43,110,59,19,20,0,0,0,0,36,255,0,0,14,14,0,0,0,0,48,45,4,10,39,84,73,0,0,25,51,49,10,0,5,0,0,0,0,0,102,255,81,0,0,0,30,47,26,0,0,49,0,0,0,0,0,0,181,232,189,56,
56,0,0,0,0,0,0,57,45,31,1,29,60,50,0,0,0,11,23,0,0,0,0,2,0,11,1,8,11,0,30,2,0,0,0,3,46,12,0,0,0,8,0,22,9,0,0,42,17,0,0,15,65,42,0,0,5,85,73,39,29,0,4,0,0,0,20,15,139,232,0,0,13,0,0,0,8,49,53,19,7,46,105,110,0,0,0,32,51,39,0,7,0,0,0,0,63,234,255,0,0,0,1,45,24,0,0,37,5,0,0,0,0,0,119,172,101,162,0,
0,0,0,9,0,0,7,57,46,38,24,41,60,56,0,0,0,28,33,10,1,0,0,0,7,25,0,0,0,30,47,0,0,13,0,19,0,0,0,0,0,20,0,18,0,26,54,22,0,0,0,44,31,0,0,115,99,44,36,23,0,0,0,4,7,4,0,0,0,94,0,0,0,0,0,0,24,50,52,14,0,48,97,92,0,0,0,64,55,48,17,0,0,0,0,28,158,255,0,0,0,0,36,16,2,0,0,38,0,0,0,0,0,118,163,27,26,255,0,
0,0,0,5,0,0,0,54,52,34,17,30,59,43,0,0,0,13,7,15,0,0,0,5,0,16,0,0,2,90,0,0,11,0,0,3,0,12,0,0,23,0,0,29,0,18,15,0,0,0,0,0,0,60,98,98,34,44,0,0,0,0,2,0,0,0,6,12,0,3,107,255,0,0,0,0,21,58,44,16,0,64,110,77,0,0,0,0,44,40,46,8,0,0,0,107,255,108,0,0,0,45,35,22,0,0,64,0,0,0,0,0,103,157,75,0,138,255,0,
0,0,21,8,0,0,0,56,51,33,21,30,55,52,0,0,0,13,23,0,16,0,0,2,1,15,0,0,5,130,0,0,0,21,0,0,0,0,0,23,0,39,69,0,37,17,21,12,0,0,0,0,105,130,69,20,0,0,0,0,1,12,13,22,8,13,7,1,3,0,0,88,255,0,0,0,36,50,42,10,12,55,88,66,0,0,0,0,27,76,55,27,0,0,71,204,255,0,0,0,11,39,11,10,0,27,0,0,0,0,0,98,213,63,0,31,122,230,0,
0,0,2,2,0,0,3,61,51,28,8,22,67,62,0,0,0,8,11,11,6,5,0,0,26,26,0,0,208,56,0,0,14,3,0,0,0,0,7,0,23,71,0,0,37,45,9,0,0,0,60,170,86,69,19,0,0,0,0,12,21,23,8,0,19,11,12,0,0,0,6,5,204,66,0,0,29,56,50,15,12,46,77,82,0,0,0,0,0,0,0,0,0,0,101,255,0,0,0,0,29,3,8,0,2,13,0,25,0,0,9,255,109,0,23,57,105,223,0,
0,0,8,10,0,0,0,54,40,38,12,27,79,61,2,0,0,7,33,0,13,24,0,13,27,8,0,0,255,0,0,0,4,0,0,0,7,0,0,16,34,10,0,21,79,0,0,0,0,177,140,119,19,0,0,0,0,30,26,0,20,37,0,15,0,0,0,0,22,0,6,0,74,255,0,0,47,62,49,9,3,55,96,82,0,0,0,0,0,0,99,255,171,46,255,39,0,0,0,26,24,5,31,0,0,0,24,0,0,0,255,144,0,0,61,38,76,197,0,
0,0,0,0,0,0,0,65,59,26,11,30,66,69,3,0,0,0,0,2,0,0,0,0,0,0,0,11,255,0,0,0,7,11,0,0,0,2,43,74,11,19,0,67,0,0,0,16,168,185,68,0,15,0,0,1,20,30,10,20,3,9,0,0,0,10,35,0,24,8,5,0,0,213,81,0,0,85,38,20,5,59,114,77,0,0,0,0,0,255,255,73,22,95,255,83,0,0,0,36,17,20,0,3,0,2,0,0,0,208,202,1,0,78,37,13,56,194,0,
0,0,0,20,0,0,0,43,51,26,21,25,70,55,0,0,0,0,17,15,6,6,0,0,3,0,10,255,255,0,0,8,0,33,0,0,0,59,30,0,0,22,62,0,0,0,119,188,124,0,0,0,0,0,6,12,17,14,24,2,0,0,0,32,16,27,0,0,0,0,0,0,0,55,255,0,0,84,57,11,23,57,128,86,0,0,0,0,255,228,68,98,75,42,236,255,0,0,12,32,18,0,0,0,0,0,0,0,68,255,47,0,50,40,20,0,57,188,0,
0,0,0,12,0,0,0,50,48,42,18,38,55,57,0,0,0,0,24,24,0,8,0,0,0,8,10,0,172,0,0,0,28,0,0,0,63,30,0,0,63,16,0,0,0,166,175,55,0,0,0,0,36,0,44,50,3,5,3,0,0,30,27,0,0,8,10,4,16,41,9,10,0,0,103,94,0,43,78,30,35,92,105,0,0,0,45,255,68,78,126,47,9,0,144,255,0,0,0,21,27,0,0,0,11,0,0,0,255,120,0,34,33,6,5,0,60,182,0,
0,0,14,13,0,0,0,41,59,45,18,23,67,78,0,0,0,8,23,7,7,8,0,0,9,8,0,0,0,0,0,22,0,10,38,44,5,0,0,67,65,18,0,0,193,129,28,0,0,0,49,16,0,59,20,19,29,0,0,14,18,48,0,0,0,29,61,12,0,0,0,9,6,2,0,117,0,0,70,39,40,23,0,0,0,255,255,66,121,97,61,0,0,0,205,255,0,0,23,26,0,0,0,23,0,0,0,196,204,5,17,50,22,5,6,2,42,174,0,
0,0,15,5,0,0,0,46,51,26,10,32,72,74,0,0,0,1,20,11,16,15,20,0,24,11,0,0,0,255,0,0,36,34,0,11,0,19,49,21,0,0,0,176,79,0,0,0,6,12,43,32,12,0,37,4,0,0,0,50,0,10,5,0,36,44,48,0,0,33,24,12,8,0,0,12,167,54,0,12,0,0,0,0,255,189,61,105,69,16,0,0,0,37,255,255,0,0,0,42,20,0,16,14,0,0,2,255,71,0,39,28,2,0,0,0,50,163,0,
0,0,4,6,0,0,0,44,26,20,19,27,79,63,0,0,0,4,17,18,19,0,4,0,0,16,0,0,40,255,0,17,0,0,18,0,24,53,0,0,0,0,157,86,0,0,0,0,53,65,4,0,1,56,0,0,0,30,37,5,7,0,24,39,90,23,0,0,25,41,17,14,12,18,8,0,20,153,0,0,0,0,202,163,9,31,78,37,0,0,0,0,13,70,255,255,0,0,0,5,8,0,0,0,0,0,250,187,0,29,38,8,0,0,9,7,48,158,0,
0,0,0,1,0,0,0,45,47,27,27,49,89,72,0,0,0,32,15,11,4,11,0,0,4,26,0,0,207,255,0,0,0,0,0,0,23,0,0,0,54,130,44,5,0,0,35,58,11,8,0,0,20,9,0,26,9,4,16,0,0,0,18,0,0,0,0,0,0,21,29,18,0,1,30,0,0,27,0,0,113,141,43,0,49,64,11,0,0,16,4,0,0,108,255,172,0,0,21,23,0,0,0,0,0,77,230,37,1,30,11,5,0,10,0,0,57,153,0,
0,0,0,1,0,0,0,31,45,30,33,41,79,79,0,0,0,0,0,13,19,0,0,0,0,22,0,0,255,206,0,0,0,12,36,25,0,34,0,34,86,72,0,0,0,22,68,0,0,0,70,44,0,0,42,0,12,12,0,0,1,69,8,0,6,20,31,10,58,43,18,0,0,25,23,0,0,0,42,69,49,0,26,52,34,7,0,0,28,52,28,0,14,160,255,0,0,0,1,5,0,0,0,0,0,225,110,1,24,39,10,2,0,0,0,0,44,180,0,
0,0,0,0,0,0,0,32,43,46,28,38,79,59,0,0,0,7,20,17,0,0,0,0,2,28,0,0,255,163,0,0,22,0,0,8,0,0,0,109,57,10,0,0,45,60,0,0,32,104,0,0,20,20,2,9,40,0,32,0,0,0,37,0,0,0,22,58,11,0,0,0,24,14,0,0,0,58,0,0,22,54,61,0,0,0,0,8,72,119,0,0,77,221,255,0,0,0,17,40,0,0,0,0,166,167,0,11,28,12,3,6,0,3,0,1,66,186,0,
0,0,0,5,0,0,0,32,55,47,23,31,81,60,0,0,0,18,15,21,21,0,1,0,5,16,0,0,255,109,0,0,33,0,0,35,0,43,77,66,56,0,0,44,48,7,0,11,4,0,0,34,31,14,0,11,37,3,0,17,0,0,0,0,0,60,0,43,0,0,53,12,0,0,0,61,25,0,30,70,61,14,0,0,0,0,0,58,114,46,0,0,21,255,255,0,0,0,34,0,0,0,0,0,249,71,5,35,37,7,0,9,0,2,0,14,57,181,0,
0,0,0,0,0,0,0,56,62,39,15,23,62,67,0,0,0,15,19,23,0,0,0,0,12,21,0,0,255,93,0,0,10,33,0,0,57,88,55,38,0,0,45,75,0,4,0,23,0,0,24,43,23,0,36,0,0,27,0,0,0,0,13,31,3,15,53,0,21,0,11,0,0,20,34,0,35,68,64,0,0,0,0,0,0,0,26,90,140,0,0,0,0,255,0,0,0,64,0,0,0,0,0,206,152,0,31,33,21,0,0,4,0,0,0,6,58,177,0,
0,0,0,0,0,0,0,49,47,28,8,33,76,79,0,0,0,18,34,6,10,0,0,17,20,0,0,0,255,79,0,0,0,24,0,0,0,35,29,0,0,56,54,11,0,0,6,0,0,31,36,0,35,73,21,36,57,0,0,11,10,31,1,42,0,0,0,14,0,0,0,0,60,0,26,86,87,23,0,0,0,0,13,18,0,4,65,165,0,0,0,0,120,255,0,0,0,0,0,0,0,0,60,234,34,6,32,33,4,0,0,1,4,0,0,2,52,180,0,
0,0,0,0,0,0,0,37,54,37,17,33,66,84,10,0,0,3,18,13,0,0,0,6,0,0,0,0,255,110,0,0,0,66,0,0,61,64,0,0,56,84,43,0,0,67,0,22,134,142,75,126,87,0,0,0,0,11,45,39,36,11,50,52,63,59,0,0,0,0,47,0,0,65,72,0,0,0,0,0,0,6,17,13,0,33,129,179,0,61,0,0,254,255,0,0,13,16,23,0,0,0,232,126,0,23,24,4,0,0,0,11,1,0,6,7,66,163,0,
0,0,0,0,0,0,0,29,49,32,12,18,80,84,0,0,0,12,29,2,0,0,0,0,15,0,0,0,255,127,0,0,10,87,0,0,85,55,46,91,47,47,0,0,23,0,11,66,37,0,0,0,0,0,0,77,0,90,140,141,62,99,198,237,54,0,19,0,0,87,0,45,68,46,0,0,0,1,22,11,5,8,14,3,30,141,255,104,28,0,0,0,255,0,0,0,11,0,0,0,0,48,234,25,11,27,24,8,0,0,0,0,2,3,5,8,45,165,0,
0,0,0,0,0,0,0,26,46,38,25,24,74,96,0,0,0,2,17,8,25,0,16,3,18,11,0,0,255,105,35,16,0,103,13,0,0,46,0,0,26,0,0,8,15,0,83,70,0,117,17,7,0,0,212,255,146,96,32,0,90,107,0,0,0,0,0,107,0,0,50,64,19,3,6,0,0,0,20,11,0,20,53,150,255,255,141,0,0,0,0,255,255,0,0,0,9,0,0,0,0,219,116,0,32,23,2,2,1,0,3,7,0,0,0,0,43,150,0,
0,0,0,0,0,0,0,36,56,36,15,28,80,82,4,0,0,4,21,13,3,0,0,0,5,29,0,0,255,102,118,35,0,17,0,0,34,0,0,78,47,0,9,3,0,85,20,0,112,0,15,15,123,0,122,141,0,0,0,62,0,0,0,0,0,0,207,16,71,105,70,30,0,14,1,0,2,11,10,0,32,189,255,255,53,0,0,0,0,0,255,255,0,0,0,14,0,7,0,0,46,211,21,14,34,11,2,7,0,0,7,0,0,3,6,0,51,155,0,
0,0,9,0,0,0,0,25,54,34,7,31,70,89,0,0,0,19,31,15,7,1,7,9,13,7,0,0,255,161,124,8,0,2,38,0,0,0,73,85,39,0,0,0,74,38,0,118,53,129,110,43,0,0,0,98,0,0,114,7,0,29,0,0,0,255,43,177,116,63,24,0,0,10,0,0,0,1,40,130,219,255,0,0,0,0,0,0,138,255,255,0,0,0,0,0,0,0,0,0,215,127,0,48,35,6,6,2,0,0,0,9,0,0,4,0,41,148,0,
0,0,0,0,0,0,0,23,53,40,12,26,71,87,0,0,0,15,20,7,0,3,10,0,8,0,0,0,139,187,98,0,0,61,123,0,0,48,83,63,0,0,29,67,67,0,155,170,0,0,11,0,0,0,226,198,0,0,97,51,0,0,0,26,255,0,228,65,0,26,0,0,0,0,0,0,32,127,246,255,0,0,0,0,0,0,75,255,255,255,0,0,0,13,12,0,0,0,0,0,237,51,23,49,14,0,0,0,0,5,5,0,10,0,0,17,42,132,0,
0,0,3,0,0,0,0,37,39,28,7,21,64,87,13,0,0,0,23,2,14,0,5,4,0,9,24,0,0,255,47,45,0,28,30,0,0,110,56,0,0,31,0,0,187,30,151,0,0,50,0,0,0,163,255,0,0,131,76,0,0,0,52,134,52,247,96,9,18,15,4,0,0,0,11,100,226,255,86,0,0,0,0,24,135,152,208,255,255,0,0,0,16,13,1,0,0,0,0,173,147,0,48,29,15,7,0,12,0,5,2,0,0,0,9,4,48,119,0,
0,0,0,0,0,0,0,23,48,37,9,21,73,78,24,0,0,27,14,12,1,12,8,0,0,0,31,0,0,255,119,33,25,73,0,0,70,89,0,0,29,0,0,90,121,12,0,0,0,0,7,0,0,255,0,0,167,201,0,0,0,194,2,46,196,105,0,0,19,0,0,0,0,19,70,219,255,0,0,0,0,0,96,68,53,140,255,255,0,0,0,0,20,26,0,0,0,0,0,236,48,15,48,33,6,2,0,11,0,0,0,0,2,2,0,0,48,127,0,
0,0,13,0,0,0,0,25,68,31,2,24,78,84,31,0,0,4,13,8,4,0,0,0,0,2,22,21,0,1,255,5,0,145,0,64,28,0,0,31,0,0,51,78,97,0,30,14,0,50,54,0,164,2,0,4,0,0,0,0,70,0,91,205,113,47,0,7,20,0,0,0,29,35,18,150,0,0,0,0,112,0,0,54,185,255,255,0,0,0,0,29,57,4,0,0,0,0,97,137,0,58,43,16,0,0,7,0,0,1,0,7,4,3,12,0,41,128,0,
0,0,1,0,0,0,0,28,54,28,11,34,69,87,19,0,0,0,14,21,5,0,11,0,0,6,8,20,0,0,249,84,99,0,0,0,27,0,52,53,9,0,62,143,49,0,0,0,0,255,0,0,98,0,1,0,0,0,68,109,0,95,226,132,49,0,0,9,0,0,10,0,0,0,0,116,121,0,0,92,0,62,0,255,255,129,0,0,0,17,23,12,31,0,0,0,0,0,189,0,0,83,41,0,0,0,10,4,1,0,0,0,6,5,0,1,48,131,0,
0,0,0,13,0,0,0,43,62,40,10,36,79,80,33,0,0,0,4,10,2,0,0,1,0,6,8,39,0,0,0,255,154,14,0,0,0,27,10,0,7,95,120,102,0,0,0,121,0,124,0,36,0,0,25,0,0,0,0,0,0,129,93,53,0,0,0,0,0,0,0,0,21,6,33,105,194,2,0,14,0,0,60,255,56,0,0,0,0,27,15,34,19,0,0,0,0,43,133,0,64,77,31,0,4,1,3,0,0,6,4,13,0,0,2,0,48,131,0,
0,0,5,0,0,0,0,39,51,44,3,37,77,73,35,0,0,0,10,22,11,7,0,0,0,0,16,25,0,0,0,255,255,0,0,0,0,0,0,83,164,122,36,0,0,0,0,34,0,0,255,0,0,0,0,0,0,43,0,44,124,92,85,66,0,0,22,25,0,0,0,50,42,3,9,43,157,80,0,0,0,0,139,255,31,0,0,0,33,0,21,45,0,0,0,0,0,171,65,0,85,58,15,2,0,0,2,4,0,0,4,0,0,5,8,5,50,136,0,
0,0,15,3,0,0,0,36,59,39,17,20,68,79,18,0,0,8,30,13,10,11,0,0,0,0,8,28,11,0,0,255,255,0,0,0,0,0,113,145,113,117,0,0,0,0,0,45,31,85,121,231,47,0,0,0,168,0,213,59,174,100,112,0,0,0,78,0,0,2,40,25,31,0,0,36,128,102,0,0,0,0,158,255,0,0,0,0,6,17,52,26,0,0,0,0,0,203,0,45,39,35,28,19,10,0,2,0,15,11,0,4,0,6,5,2,47,129,0,
0,0,0,3,0,0,0,45,57,40,6,31,69,86,31,0,0,0,9,8,0,11,0,0,0,0,50,14,8,0,0,255,113,0,0,0,0,88,110,0,39,0,0,138,0,0,8,0,70,0,0,245,0,0,0,255,0,255,102,0,14,80,17,0,0,67,0,0,0,16,39,13,15,0,1,52,137,157,0,0,0,0,93,255,0,0,0,1,0,13,52,0,0,0,0,0,154,113,0,85,11,0,0,2,13,6,13,0,8,15,0,6,0,5,11,3,47,128,0,
0,0,14,11,0,0,0,46,63,42,11,28,77,75,12,0,0,0,15,33,27,19,4,0,0,50,119,0,0,0,0,255,131,0,0,0,70,164,104,28,0,0,0,138,0,61,1,0,0,0,0,241,0,0,218,15,209,117,61,0,22,154,22,4,13,0,0,0,20,29,23,8,3,0,11,19,100,167,9,0,0,0,0,255,0,0,0,0,9,31,60,0,0,0,0,0,219,18,39,65,7,0,0,0,0,0,1,1,13,15,11,6,9,0,0,2,53,133,0,
0,0,0,4,0,0,0,31,48,39,24,31,75,76,26,0,0,11,26,18,1,1,0,0,0,28,0,0,15,12,0,0,255,0,0,69,140,201,13,0,0,0,0,139,0,0,0,0,22,0,66,69,0,75,64,170,81,137,57,0,39,201,0,0,0,0,8,0,21,29,14,5,23,0,7,15,76,169,28,0,0,0,0,255,28,0,0,0,16,30,42,0,0,0,0,69,194,0,68,58,21,0,0,0,0,1,0,0,0,5,9,19,6,0,0,4,41,139,0,
0,0,6,0,0,0,0,40,59,52,11,37,62,86,20,0,0,6,5,14,2,10,9,0,0,0,27,0,0,0,0,5,0,0,0,134,137,47,0,0,88,0,0,0,21,146,0,0,58,0,0,101,0,0,153,57,27,71,69,0,165,48,0,0,0,0,26,14,0,29,21,17,0,1,0,12,56,166,106,0,0,0,0,255,88,0,0,7,24,41,0,0,0,0,0,201,86,0,80,26,4,0,17,3,18,4,23,0,0,3,0,0,0,0,2,19,60,134,0,
0,0,0,0,0,0,0,60,64,29,19,32,78,74,10,0,0,0,28,13,6,16,0,0,0,0,5,0,0,0,118,109,123,31,22,110,134,0,0,0,169,6,0,56,255,17,0,0,74,10,1,66,0,0,0,17,0,93,124,169,200,27,35,57,16,12,25,11,0,4,26,10,0,1,0,14,76,195,232,0,0,0,0,255,231,0,0,0,28,43,0,0,0,0,0,212,0,45,61,22,0,0,11,23,30,17,7,0,0,0,0,0,0,0,0,15,53,157,0,
0,0,0,15,0,0,0,37,56,35,24,29,71,80,18,0,0,0,6,25,14,0,0,0,0,0,9,0,0,192,255,0,0,32,203,72,9,0,38,0,255,0,0,39,0,0,0,0,0,75,0,0,0,163,0,242,0,175,217,7,0,0,0,34,80,105,80,22,0,0,19,29,0,0,57,133,255,255,174,0,0,0,0,168,255,0,0,0,66,18,0,0,0,0,128,134,0,71,36,8,4,0,0,2,13,14,0,2,11,2,0,0,12,0,0,6,24,92,0,
0,0,7,19,1,0,0,49,61,38,22,32,71,80,20,0,0,0,12,26,10,5,0,0,0,5,0,0,0,171,30,0,0,255,255,0,0,0,0,0,255,0,0,46,49,0,0,0,175,55,0,0,73,0,206,103,161,255,16,0,52,136,54,0,0,0,20,50,0,0,15,33,0,92,197,232,60,0,0,0,0,0,0,44,255,0,0,25,39,0,0,0,0,0,203,41,0,84,32,0,0,5,0,0,1,10,0,0,1,0,2,24,16,0,0,5,34,75,0,
0,0,35,28,5,0,0,43,41,53,13,24,87,79,31,0,0,8,29,35,10,13,0,0,0,0,0,0,123,32,114,0,0,255,0,0,0,136,0,153,0,0,0,0,0,172,0,0,0,74,0,0,88,205,54,137,88,71,0,102,116,138,191,32,0,0,0,48,0,0,0,42,70,183,198,0,0,0,123,118,25,0,0,0,255,0,0,10,53,0,0,0,0,0,192,0,68,55,20,0,1,0,0,0,2,10,0,0,0,0,6,19,25,11,31,21,23,85,0,
0,0,11,24,1,0,0,50,54,52,30,35,65,85,40,0,0,0,15,27,20,7,13,0,0,0,104,77,119,147,255,255,156,0,0,0,204,0,93,65,0,13,21,0,0,204,0,0,0,0,0,152,101,121,61,206,183,255,0,0,0,0,0,0,0,132,23,23,20,0,8,139,255,255,0,0,0,0,0,0,0,0,0,0,255,0,0,41,6,0,0,0,0,83,137,0,74,46,6,0,2,6,0,0,5,13,0,0,0,0,12,26,24,1,3,16,43,105,0,
0,0,4,3,0,0,0,42,53,49,14,28,65,73,35,0,0,0,6,4,4,0,7,0,0,255,255,0,92,134,143,0,0,0,240,57,0,8,161,60,0,0,115,21,0,0,255,46,0,0,2,48,239,6,134,226,255,0,0,0,0,0,255,0,0,59,63,0,0,0,58,255,255,0,0,0,26,44,0,31,0,0,0,0,255,0,0,28,0,0,0,0,0,191,73,48,70,22,0,0,0,0,9,0,9,0,1,0,18,8,7,28,2,2,0,0,33,88,0,
0,0,7,18,0,0,0,58,76,53,9,39,86,66,22,0,0,6,29,15,0,29,66,13,0,238,31,0,200,162,110,0,0,146,0,13,0,119,169,0,0,0,0,224,0,0,0,0,0,0,116,246,36,94,213,255,0,0,0,0,98,0,255,255,0,35,50,0,0,0,130,255,0,0,0,0,231,255,0,0,0,0,0,0,255,0,0,5,0,0,0,0,0,219,42,68,40,16,1,0,0,0,0,0,0,2,7,6,7,0,6,17,0,0,0,0,0,61,0,
0,0,24,13,0,0,0,58,58,57,16,38,73,71,4,0,0,3,14,34,74,86,73,0,0,8,80,255,255,0,0,0,133,0,0,0,0,153,222,0,0,18,0,151,0,0,0,0,0,0,0,82,70,228,255,0,0,0,11,0,153,0,255,232,0,0,4,0,0,0,201,255,0,0,0,0,255,255,0,0,0,0,0,0,255,0,2,0,0,0,0,0,49,175,19,59,23,6,0,0,0,0,1,3,6,15,7,19,0,12,11,0,0,0,0,0,29,255,0,
0,0,30,22,2,0,0,63,71,46,17,31,76,68,14,0,0,0,28,36,53,0,0,0,239,255,255,204,0,0,0,255,139,0,0,63,0,163,101,51,0,0,0,0,24,0,0,0,0,43,255,119,255,255,0,0,0,31,92,0,0,105,168,23,0,0,0,0,0,0,194,223,0,0,149,255,255,0,0,0,0,0,0,0,255,0,0,0,0,0,0,0,160,78,38,48,25,0,0,0,0,72,0,0,20,4,5,7,0,8,0,0,0,0,0,66,187,255,0,
0,0,32,14,0,0,0,71,73,46,22,42,89,81,23,0,0,10,31,12,0,0,0,255,255,51,28,0,0,0,153,100,0,0,36,83,0,99,189,159,0,0,0,6,0,0,0,0,156,26,164,214,255,0,0,0,14,12,12,8,26,0,0,0,22,0,0,0,0,0,136,219,0,0,0,0,0,0,0,12,0,0,0,0,255,104,0,0,0,0,0,0,187,19,82,43,5,0,0,0,0,0,0,0,14,20,2,3,0,0,0,0,0,61,101,96,154,255,0,
0,0,6,0,3,0,0,67,72,40,24,41,84,70,31,0,0,0,13,6,0,105,255,148,0,0,0,0,0,0,201,229,130,0,0,0,138,0,89,82,0,0,0,0,16,0,0,0,0,247,220,255,0,0,0,14,46,18,7,0,0,0,0,48,101,0,6,0,0,0,117,210,0,0,8,8,21,28,156,31,0,0,0,0,255,183,0,0,0,0,0,20,156,10,71,30,2,0,0,9,2,7,2,8,18,0,8,0,0,0,0,12,122,112,76,26,111,255,0,
0,0,0,5,0,0,0,81,74,47,30,37,79,74,31,0,0,0,0,0,0,0,14,51,102,127,0,0,21,211,108,90,0,0,0,124,0,195,0,238,0,0,0,0,0,0,0,156,16,255,255,114,0,0,0,32,9,12,32,0,55,17,31,65,40,69,9,0,0,0,103,220,9,0,1,0,9,31,109,6,0,0,0,0,255,255,0,0,0,0,0,140,82,37,57,18,0,0,0,0,7,4,4,4,0,2,2,0,0,0,44,135,119,46,3,0,90,255,0,
0,0,0,24,0,0,0,71,83,51,26,34,76,79,26,0,0,0,0,98,202,229,255,0,0,0,0,0,46,135,245,63,0,0,0,77,188,187,16,0,244,23,0,0,0,0,30,0,255,255,255,0,0,0,35,2,19,2,4,16,26,11,34,8,58,55,0,0,0,0,62,241,19,0,0,0,0,52,122,6,0,0,13,0,255,255,0,0,0,0,0,206,33,80,46,3,4,0,0,6,20,1,0,0,6,14,0,0,0,29,137,106,36,1,0,0,103,255,0,
0,0,0,21,0,0,0,91,88,61,26,44,73,74,29,0,0,0,80,46,65,0,0,0,0,0,0,66,57,255,29,0,0,0,0,0,56,0,0,0,255,16,0,0,0,0,164,76,255,255,0,0,0,93,18,1,13,15,6,32,29,26,19,17,41,32,0,0,0,0,40,255,55,0,5,0,0,49,144,0,0,0,49,0,255,255,0,0,0,0,0,190,27,86,23,0,7,2,5,5,2,1,2,10,13,10,0,0,0,129,93,25,0,0,0,0,137,255,0,
0,0,0,4,0,0,0,89,83,53,32,21,67,81,45,0,0,0,0,0,54,0,119,0,113,6,172,0,1,140,0,0,0,20,2,0,7,0,0,0,123,255,0,0,0,7,0,255,255,36,0,0,51,73,21,0,0,0,0,0,8,22,37,4,31,15,0,0,27,0,0,248,90,0,0,0,0,71,140,0,0,0,71,0,254,255,0,0,0,0,67,134,71,86,9,3,0,7,0,0,0,0,0,4,15,0,0,0,112,126,43,0,0,0,0,27,155,255,0,
0,0,21,26,0,0,0,94,86,64,0,28,71,67,58,0,0,103,0,68,248,85,0,172,12,37,0,0,0,242,63,0,46,0,0,0,31,0,0,19,188,147,255,0,0,156,68,255,255,0,0,0,48,62,27,0,8,9,16,7,17,35,13,7,14,23,0,0,2,0,0,219,145,0,0,0,21,86,127,0,0,0,98,0,156,255,37,0,0,0,173,59,82,47,10,0,0,0,0,0,0,0,5,3,7,0,0,32,144,75,0,0,0,0,32,34,129,255,0,
0,0,26,28,0,0,0,96,85,60,9,12,67,77,52,0,0,153,78,159,154,0,8,110,36,0,0,37,104,216,178,0,6,0,0,0,160,4,0,255,255,0,81,0,0,83,255,255,0,0,0,0,25,58,40,0,0,3,20,21,7,5,6,19,29,49,0,0,0,0,0,156,255,0,0,4,40,128,70,0,0,53,108,0,55,255,102,0,0,0,201,53,84,45,0,0,9,4,1,0,2,10,2,0,0,0,0,126,104,10,0,0,14,29,37,18,108,255,0,
0,0,14,34,0,0,0,89,99,48,20,21,77,91,37,0,0,0,77,37,173,0,0,36,0,0,47,8,0,255,0,0,0,0,0,0,24,0,255,0,222,0,0,0,98,141,255,36,0,0,66,0,0,49,32,11,0,0,11,3,0,0,10,16,33,25,0,0,0,0,0,0,255,0,0,26,57,148,0,0,0,74,83,0,0,255,199,0,0,21,176,47,69,19,0,0,0,6,0,0,5,4,13,0,0,0,49,141,55,0,0,15,49,32,0,0,123,255,0,
0,0,19,21,0,0,0,101,109,63,19,25,84,76,19,0,0,205,62,55,45,0,0,198,0,0,166,0,47,154,0,7,0,50,0,0,211,80,233,109,0,0,0,245,158,189,255,0,0,0,100,0,0,57,43,2,2,8,1,9,0,9,0,18,27,8,0,0,116,135,68,0,0,0,0,26,89,162,0,0,0,89,74,0,0,255,255,0,0,164,147,55,42,14,0,0,0,1,0,14,6,15,22,0,0,0,126,106,3,0,2,33,20,0,0,0,134,255,0,
0,0,5,0,0,0,0,108,99,49,6,16,80,77,33,0,0,0,0,78,30,0,88,205,0,0,190,0,25,33,73,181,0,0,59,0,0,0,210,0,0,0,0,255,255,255,0,0,0,0,73,0,0,58,37,1,0,7,1,14,5,0,1,9,16,16,0,0,68,0,0,0,0,128,0,80,137,35,0,0,0,77,35,0,0,255,214,0,0,231,99,62,34,6,0,0,0,8,0,0,5,0,3,0,0,0,128,52,0,0,20,7,0,0,0,14,142,255,0,
0,0,3,0,0,0,0,129,96,52,13,22,71,93,45,0,0,0,11,131,8,0,30,100,0,241,0,0,10,0,212,123,0,0,184,0,0,82,160,0,0,0,129,255,255,34,0,0,0,0,77,7,10,39,28,9,0,5,26,18,0,0,3,14,16,2,13,0,0,0,0,0,0,82,112,103,190,0,0,0,0,75,56,0,0,255,226,0,0,227,68,62,12,0,0,0,1,8,0,0,0,6,9,0,0,57,115,17,0,18,28,12,0,10,15,12,134,255,0,
0,0,14,3,0,0,0,116,83,24,0,11,77,86,48,0,0,0,0,129,52,0,11,0,138,0,0,0,61,10,59,172,0,0,255,255,0,16,0,0,117,255,19,159,255,0,0,42,0,0,98,16,0,43,17,1,0,0,7,0,0,0,7,4,16,13,13,4,0,0,0,0,226,255,97,0,77,0,0,0,0,130,54,0,0,255,200,0,0,166,53,33,16,0,7,1,1,5,10,0,8,13,0,0,0,103,73,2,0,29,12,1,0,3,0,0,121,255,0,
0,0,38,2,0,0,16,97,62,19,0,31,84,92,66,0,0,0,0,244,92,0,0,248,119,0,0,0,62,100,0,97,66,0,155,27,0,0,102,188,255,38,0,255,0,0,0,38,10,0,59,62,0,48,25,0,0,21,20,0,0,24,23,18,26,18,0,0,0,0,166,6,149,171,10,0,85,0,0,0,24,97,39,0,0,166,243,0,23,98,54,32,10,0,2,0,0,0,0,0,19,7,0,0,0,105,44,0,18,25,6,0,2,2,3,8,148,255,0,
0,0,0,0,0,0,21,82,51,22,0,18,77,95,53,0,0,0,132,180,0,0,245,5,0,0,0,19,0,111,0,90,169,0,36,0,0,0,249,255,255,0,217,0,0,0,0,14,24,0,0,107,0,14,23,8,0,11,24,1,0,0,9,6,0,21,0,0,0,0,204,10,96,147,0,0,139,113,0,0,36,64,22,0,0,55,235,0,37,60,45,11,12,0,0,0,7,0,0,0,17,15,0,0,0,109,30,13,30,13,0,0,0,0,7,0,149,255,0,
0,0,4,0,0,0,0,74,47,15,5,23,87,103,68,0,0,14,168,107,0,0,208,0,0,0,0,30,0,14,0,0,135,242,0,0,98,0,255,255,0,0,223,0,25,0,0,0,113,0,0,134,0,18,28,9,2,18,16,2,0,35,51,34,9,16,18,34,88,96,240,198,205,185,27,0,213,0,0,0,60,40,25,0,0,0,255,0,23,33,42,22,5,11,0,4,8,0,0,1,14,12,0,0,0,90,27,35,21,2,0,5,0,2,10,5,159,255,0,
0,0,0,1,0,0,0,82,59,31,3,29,78,104,7,0,0,179,0,171,0,0,185,0,0,0,0,115,76,0,0,0,0,156,0,0,76,255,255,0,0,255,0,0,115,0,0,16,117,0,0,104,0,2,44,40,0,0,0,15,16,89,0,0,42,65,49,39,8,0,0,0,0,0,0,82,183,0,0,0,21,45,42,2,0,0,222,0,32,7,36,11,0,0,0,0,3,8,0,1,8,17,0,0,0,83,57,33,18,0,2,0,2,1,11,5,152,255,0,
0,0,5,0,0,0,7,96,62,35,15,26,76,52,0,0,159,0,0,255,0,0,0,0,0,0,0,255,32,38,0,90,91,0,0,27,201,255,0,0,255,0,0,0,35,0,0,4,71,0,0,74,0,4,58,49,0,0,11,0,37,45,0,0,0,0,0,0,0,0,0,0,0,0,87,255,0,0,0,0,0,33,0,19,0,0,241,42,20,14,40,16,0,0,11,0,0,1,0,0,20,21,0,0,19,98,68,23,1,0,0,0,0,0,10,17,163,255,0,
0,0,16,0,0,0,5,79,41,33,7,32,60,64,0,133,0,0,228,83,0,0,0,0,10,0,0,255,0,0,62,0,0,0,96,132,0,255,0,191,240,0,0,0,0,8,0,27,20,0,0,36,0,0,60,21,0,0,0,0,31,22,41,14,57,61,41,65,192,255,255,255,77,112,255,157,0,0,0,0,4,0,0,40,0,0,255,64,9,0,30,0,2,0,9,0,0,2,1,10,11,24,0,0,32,126,57,16,0,0,0,0,9,21,24,8,164,255,0,
0,0,7,0,0,0,0,77,38,26,19,25,73,111,160,0,0,16,217,44,0,248,0,0,110,0,0,255,0,0,0,58,0,5,200,0,152,0,220,255,0,0,0,0,0,4,0,8,28,1,0,73,0,0,56,20,0,0,0,0,9,24,28,0,0,0,21,4,65,41,0,0,0,139,255,0,0,0,0,0,9,0,87,17,0,0,255,86,18,0,21,5,6,0,0,1,0,15,0,9,21,35,0,0,72,139,59,0,0,0,12,12,40,10,0,0,136,255,0,
0,0,0,0,0,0,0,62,30,52,21,28,74,85,33,0,0,255,57,34,0,255,0,0,94,0,125,112,0,74,0,0,192,10,29,0,217,185,255,0,0,0,21,6,5,0,39,18,34,33,0,62,0,0,33,20,0,0,2,2,6,8,18,0,0,0,0,0,0,0,0,0,140,232,0,0,0,0,0,29,0,0,102,51,0,0,255,96,0,6,0,0,0,0,0,20,0,7,0,3,7,16,0,0,84,152,34,0,0,14,35,15,0,0,0,0,152,255,0,
0,0,0,0,0,52,0,38,20,49,30,15,71,94,72,0,0,251,5,0,0,139,0,0,36,0,253,162,0,176,0,1,89,0,0,0,255,255,0,0,0,0,25,0,8,0,0,8,2,17,0,2,45,0,12,18,5,0,10,0,0,4,0,0,0,0,0,0,32,42,89,153,163,186,0,0,0,2,13,45,0,0,137,35,0,0,255,126,0,3,14,7,4,7,9,15,0,6,11,6,24,21,0,0,105,150,42,0,12,12,3,0,0,2,13,20,179,255,0,
0,0,0,0,62,40,0,12,21,62,22,13,67,83,60,0,0,155,96,0,126,10,0,52,0,0,178,30,0,76,10,0,0,67,30,0,255,0,0,0,0,0,41,0,7,0,0,0,5,31,0,0,16,0,0,0,40,1,15,24,12,7,0,0,0,20,0,61,86,68,48,112,241,0,0,0,0,10,59,11,0,0,153,41,0,37,244,170,0,24,20,11,8,0,0,4,7,10,0,0,12,11,0,0,145,152,49,0,0,0,0,10,15,27,8,10,170,255,0,
0,0,0,0,55,18,0,5,36,63,26,6,68,104,72,0,0,134,77,0,39,0,0,56,0,0,215,11,0,0,105,8,0,130,183,0,216,0,0,0,0,0,61,0,19,0,24,0,0,14,0,1,1,0,78,0,0,10,3,48,25,7,14,14,7,49,52,26,24,36,104,94,234,0,0,0,0,22,36,0,0,0,179,47,0,26,0,167,0,38,33,0,0,0,0,2,12,13,1,2,20,0,0,0,200,156,28,0,0,0,16,20,2,15,66,155,255,255,0,
0,0,0,0,0,9,13,8,45,58,12,22,76,123,53,0,0,132,0,0,94,1,0,43,0,0,136,203,0,0,44,67,60,0,139,0,0,0,0,0,0,0,82,0,45,0,28,0,0,9,1,0,5,0,44,0,0,0,0,44,13,30,7,11,2,0,23,43,47,48,71,106,119,0,0,8,0,5,72,0,0,0,159,16,0,45,0,0,13,23,38,8,10,16,5,1,13,0,0,0,21,0,0,0,213,138,5,0,0,23,34,47,98,219,255,255,172,0,0,
0,0,0,0,0,54,0,18,46,52,5,28,83,56,0,0,24,255,169,0,129,0,0,35,0,0,3,255,0,0,86,0,0,0,207,65,255,0,0,0,0,24,130,0,59,0,0,0,0,0,6,20,46,0,0,24,0,0,0,0,0,0,0,0,0,0,0,24,0,0,0,0,0,0,0,13,10,0,60,0,0,0,149,24,0,67,0,0,255,0,5,6,26,19,31,24,22,9,7,18,14,0,0,0,221,107,0,3,7,26,62,147,255,255,50,0,0,0,0,
0,0,0,0,0,14,0,44,57,56,21,11,35,12,0,127,255,0,161,0,87,0,11,0,0,0,30,187,145,0,0,0,187,0,255,0,0,255,0,0,0,16,121,0,67,0,0,8,0,0,0,23,1,0,0,0,0,63,147,169,157,162,81,66,42,81,64,27,2,0,0,70,108,0,0,0,0,0,18,0,0,0,146,27,0,39,0,0,255,118,0,0,0,0,6,16,41,36,31,25,15,0,0,113,214,46,0,0,14,37,129,201,193,0,0,0,0,0,0,
0,8,0,0,0,10,0,44,55,59,5,0,36,34,224,101,0,0,0,0,80,15,0,0,133,0,0,212,85,0,0,254,205,0,0,11,0,81,255,0,0,63,103,0,85,0,0,9,0,0,0,8,16,0,0,0,10,96,91,13,0,0,0,0,10,35,0,0,0,0,0,22,70,104,217,143,0,0,0,0,0,29,156,0,0,33,0,0,255,21,0,0,0,0,0,0,0,9,12,26,40,0,0,170,164,0,0,6,45,139,222,255,0,0,0,0,45,0,205,
205,44,0,0,39,0,0,0,75,70,18,0,74,183,44,0,0,255,0,0,0,108,0,0,175,20,0,0,198,0,14,255,0,0,0,0,0,255,0,216,0,0,87,0,112,0,0,0,22,0,0,0,8,7,0,0,33,87,32,3,0,0,11,0,9,0,0,0,0,0,25,48,43,24,10,38,163,199,0,0,0,20,142,0,0,0,0,0,255,6,0,16,7,0,0,0,0,0,0,0,0,0,0,141,132,0,6,56,157,255,255,0,0,0,0,44,13,0,169,
169,108,25,0,71,0,0,0,110,73,14,4,60,22,0,0,255,0,0,0,0,122,0,0,255,24,24,0,89,159,95,67,0,42,0,106,87,101,30,0,224,0,29,0,105,0,0,0,20,32,0,0,0,69,0,0,37,51,8,0,6,0,2,21,19,0,0,0,0,20,38,51,15,0,0,0,1,54,255,88,0,0,177,0,0,0,0,0,255,22,12,11,13,29,8,13,0,0,0,0,104,0,0,156,143,4,48,142,255,209,0,0,0,2,18,60,2,0,109,
109,86,74,51,62,0,0,4,123,89,18,13,47,0,0,255,26,0,0,0,0,209,219,255,149,0,0,126,0,61,55,0,0,0,62,102,144,0,0,0,195,0,0,0,125,0,0,0,6,36,0,0,0,88,0,0,16,81,31,22,0,9,14,37,10,0,0,0,18,13,11,36,16,3,0,4,1,1,4,190,166,0,86,0,0,5,0,0,219,39,8,17,0,11,13,1,9,7,0,0,129,0,0,231,176,48,88,215,255,0,0,0,13,0,27,68,4,0,115,
115,61,62,63,95,0,0,0,119,90,28,5,54,3,89,255,53,0,0,13,31,85,0,0,0,0,45,32,0,255,0,0,0,65,0,79,78,118,0,255,0,248,0,0,100,0,0,0,16,65,0,0,0,135,41,0,28,96,40,0,2,36,6,10,0,0,0,11,28,14,3,19,0,0,0,0,0,2,1,0,201,158,0,0,0,24,0,0,202,24,24,7,0,11,6,15,5,15,0,0,22,0,0,241,135,58,140,215,102,0,0,60,21,0,101,54,0,49,0,
0,14,20,109,176,0,0,0,123,108,30,18,61,26,57,95,0,0,0,0,41,52,0,0,88,79,0,0,0,0,123,0,1,0,0,98,24,18,58,0,63,255,0,0,114,25,0,0,0,49,0,0,0,171,140,0,0,100,0,28,23,37,7,5,0,0,1,4,19,6,0,21,0,0,0,0,6,0,1,6,7,255,13,0,0,0,0,64,136,49,16,4,0,0,2,5,2,0,0,0,0,0,4,210,95,73,194,192,0,0,0,0,0,45,107,0,0,169,0,
0,0,83,151,182,0,0,0,133,104,31,23,57,25,68,201,0,0,0,0,160,0,0,0,246,0,28,0,194,0,62,0,0,0,0,3,0,73,255,0,0,255,0,0,71,33,0,0,7,69,0,0,0,232,180,0,0,61,69,39,6,8,12,0,0,0,0,9,2,6,0,0,0,0,7,3,0,0,0,0,0,72,255,0,0,0,0,144,91,43,6,7,0,11,7,10,5,0,0,0,0,0,58,179,62,102,237,74,0,0,0,20,28,122,0,0,66,201,0,
0,0,152,185,219,32,0,0,141,92,26,0,55,57,9,134,0,0,0,82,17,0,0,0,255,0,72,0,0,124,44,0,0,193,0,0,60,118,239,0,0,255,0,0,56,88,0,0,11,56,0,0,0,199,134,0,0,99,64,0,11,0,5,3,0,0,21,0,0,4,0,0,0,2,0,0,0,0,5,12,2,8,221,236,0,0,0,226,79,56,4,0,0,5,4,2,0,19,0,0,0,63,117,117,86,152,246,0,0,0,0,40,104,15,0,0,105,178,0,
0,0,151,237,244,0,0,0,144,106,41,12,68,57,43,101,0,0,0,47,8,0,0,0,255,0,56,0,0,39,0,0,0,122,0,0,51,134,220,0,0,255,0,0,85,141,0,0,3,31,0,0,37,111,154,0,0,100,68,0,17,22,2,0,0,1,6,0,2,1,0,2,4,0,6,1,0,5,10,5,0,0,94,255,0,0,0,255,91,40,27,2,10,9,11,0,0,21,0,0,143,93,79,76,113,203,133,0,0,0,13,70,69,0,0,39,63,221,0,
0,0,139,215,247,0,0,0,158,104,30,7,61,74,53,221,0,0,54,0,0,0,0,73,255,0,0,5,36,24,0,0,0,102,7,0,97,58,7,0,0,255,65,0,115,59,0,0,0,0,0,0,57,175,181,0,0,90,65,6,19,8,0,0,0,5,6,0,0,0,0,10,0,0,0,5,0,8,10,12,7,5,19,255,84,0,0,255,110,31,1,0,10,0,2,0,4,0,0,0,175,33,21,81,152,199,0,0,0,0,56,103,4,0,0,60,87,205,0,
0,0,104,252,239,27,0,0,169,124,42,30,69,71,72,18,0,0,0,0,0,0,0,255,171,0,0,111,0,0,11,0,12,0,97,0,128,208,43,0,234,50,0,0,0,11,0,12,3,0,0,0,178,186,134,0,0,82,35,22,4,1,2,0,8,0,4,0,0,1,10,0,0,8,0,0,2,0,5,13,0,0,0,195,255,0,0,254,131,9,8,0,4,0,3,1,4,9,0,0,0,0,27,105,188,92,0,0,0,0,81,47,0,0,48,53,88,135,0,
0,0,119,234,237,68,0,0,166,119,17,0,22,41,72,60,0,0,0,0,0,111,55,0,187,0,0,132,0,0,27,0,142,0,0,158,102,228,0,159,255,108,0,0,0,0,54,0,0,0,0,0,161,134,67,0,0,95,43,0,16,27,0,0,0,0,0,0,0,0,8,0,0,2,0,0,13,0,2,20,2,1,4,105,255,0,0,223,103,13,0,0,0,0,5,8,10,0,0,0,0,214,57,145,171,0,0,0,0,5,96,38,0,0,52,26,31,82,0,
0,0,64,244,252,95,0,0,160,121,32,0,52,68,88,121,0,0,0,0,0,12,0,0,152,0,0,0,16,0,0,0,128,0,0,194,68,28,6,0,0,0,0,151,221,255,86,0,0,0,0,73,127,153,7,0,0,95,32,0,10,19,0,0,0,1,0,0,1,4,0,0,0,6,0,3,1,9,4,7,0,4,0,51,255,0,0,178,86,36,0,1,0,0,8,16,13,0,0,0,54,208,35,173,84,0,0,0,0,39,71,0,0,31,38,0,10,155,0,
0,0,2,230,240,92,0,0,147,120,31,20,60,62,61,57,0,0,0,0,0,56,18,0,57,2,0,0,67,0,0,0,110,0,3,27,128,0,159,0,2,0,0,0,0,0,64,0,0,0,6,89,136,167,0,0,35,90,29,11,5,16,19,0,0,7,0,0,0,0,0,0,9,13,0,0,10,8,1,1,10,0,11,9,159,41,0,135,114,24,0,0,0,0,1,9,0,0,0,0,33,195,17,0,0,0,0,0,0,50,0,0,18,60,3,0,31,193,0,
0,0,0,232,239,105,0,0,142,119,39,10,54,32,47,151,0,0,0,16,174,71,0,0,23,0,0,0,66,0,0,73,0,99,0,254,221,29,0,189,11,121,0,9,22,11,0,0,0,0,41,92,131,146,0,0,61,69,40,4,16,0,0,0,0,0,0,0,0,8,0,11,0,4,0,0,0,7,1,6,1,0,6,0,64,227,0,143,74,49,26,21,21,3,4,9,0,0,0,15,0,0,0,43,163,0,0,0,2,26,0,0,98,22,0,4,92,161,0,
0,0,0,219,216,123,0,0,117,112,27,4,53,72,16,160,0,0,0,100,0,0,0,19,52,0,52,43,32,0,19,15,0,196,0,0,0,180,0,0,255,2,0,0,67,0,0,0,0,0,101,108,148,68,0,0,116,57,13,3,9,21,0,16,0,0,0,12,0,12,0,0,0,0,0,2,7,0,6,5,0,10,8,6,29,226,18,43,0,0,11,32,49,56,45,16,0,0,27,66,0,0,0,183,225,163,0,0,43,0,0,71,44,0,0,58,119,65,0,
0,0,0,198,253,150,0,0,103,117,27,16,58,71,39,36,0,0,0,22,0,0,30,41,0,18,70,0,0,0,31,0,0,167,131,0,0,43,0,194,255,0,0,0,13,0,0,0,0,46,114,121,177,0,0,56,115,21,12,10,18,10,0,16,4,0,0,0,5,13,5,5,0,12,0,7,0,4,11,0,8,9,4,5,12,198,187,0,0,0,0,0,19,46,48,39,11,7,66,25,0,0,45,255,255,105,0,21,0,0,49,51,0,0,61,91,61,0,0,
0,0,0,238,252,170,0,0,85,109,33,6,58,96,87,1,0,0,0,0,0,0,65,24,0,10,44,0,0,18,0,57,4,34,216,0,0,95,124,79,3,0,0,28,0,0,0,0,0,122,146,151,99,0,0,116,75,5,6,13,18,0,5,0,0,0,0,0,5,0,0,0,0,0,0,13,0,0,2,1,6,15,5,4,2,138,255,0,0,0,0,0,0,0,0,0,0,0,9,0,0,0,177,255,255,0,0,0,0,19,88,10,0,0,81,94,0,0,0,
0,0,0,224,246,184,0,0,83,108,46,0,73,120,49,0,0,0,0,0,0,109,0,39,0,48,16,27,0,7,36,0,0,0,87,154,46,54,135,0,0,0,0,9,0,0,0,0,54,130,154,177,0,0,74,136,48,8,9,2,0,0,6,2,2,8,0,0,3,0,0,11,0,2,0,0,0,0,8,0,10,13,2,0,2,80,255,0,0,43,24,14,0,0,0,0,0,0,0,148,73,0,233,255,202,0,0,0,5,134,28,0,0,25,90,50,0,0,0,
0,0,0,147,248,222,0,0,53,107,50,0,80,128,0,62,0,0,0,74,12,0,6,0,0,27,15,27,0,0,0,11,45,0,0,226,123,0,197,0,0,0,0,0,0,0,0,13,143,185,204,0,0,0,153,90,14,3,5,0,0,9,22,0,10,0,0,0,0,1,0,3,0,6,0,0,4,8,0,1,12,5,0,4,0,34,237,0,0,18,41,25,22,31,0,0,0,0,64,255,0,0,255,255,4,0,0,0,0,0,0,0,0,103,81,0,0,0,82,
82,0,0,81,217,207,0,0,36,107,57,4,91,142,0,46,0,0,0,8,0,0,21,0,0,0,39,0,0,0,10,0,64,0,0,0,118,135,95,0,0,0,5,0,0,0,20,105,250,216,0,0,0,153,101,39,0,20,2,6,0,7,0,2,0,0,5,0,4,5,0,3,0,7,0,3,9,0,0,15,11,9,6,7,0,11,161,190,0,0,45,28,0,6,2,0,0,0,53,255,65,194,255,136,0,0,0,0,0,106,133,0,35,144,40,3,0,0,10,
10,37,0,73,186,190,0,0,0,108,40,11,90,153,0,115,0,0,0,0,2,0,43,0,0,19,0,0,96,0,0,132,0,0,47,0,195,0,127,0,0,9,0,0,0,85,174,231,138,0,0,0,117,118,43,16,9,10,0,0,0,0,4,0,6,0,0,0,5,6,0,4,0,0,0,0,4,0,0,0,10,0,2,2,6,3,91,255,0,0,37,15,0,0,0,0,0,0,1,255,255,245,23,0,0,0,0,0,87,170,27,0,125,76,33,0,0,0,0,
0,91,0,0,138,176,0,0,0,100,41,17,65,151,7,64,0,0,0,0,33,0,81,0,0,79,78,0,167,0,0,116,0,166,0,0,177,102,0,0,0,0,0,0,31,119,0,0,0,0,25,129,91,49,24,9,6,0,6,7,0,14,0,8,12,8,9,15,0,0,0,0,5,0,0,0,0,1,0,0,0,7,3,0,10,8,54,255,0,0,9,4,0,0,0,0,1,0,109,255,255,0,0,0,0,0,0,97,196,69,0,0,0,76,15,0,20,23,0,
0,0,0,0,147,159,0,0,0,90,50,24,74,165,148,0,0,0,0,0,34,0,109,0,0,58,22,0,227,66,0,171,0,26,61,0,180,255,0,0,0,0,0,0,0,0,0,0,48,131,121,77,38,12,3,0,0,0,2,0,0,0,0,0,7,15,0,0,0,0,6,0,0,0,5,7,5,0,4,12,11,7,4,4,3,11,26,209,81,0,0,0,11,9,0,0,51,21,42,176,0,0,0,0,10,0,48,167,82,0,0,0,53,124,0,0,4,0,0,
0,0,0,0,92,153,0,0,0,86,57,21,106,199,158,0,0,0,0,0,59,0,61,0,0,158,0,0,90,212,0,145,128,0,180,0,150,75,87,0,4,0,0,0,0,43,100,90,93,73,28,10,17,0,0,2,9,14,0,7,22,4,0,0,10,0,0,0,15,0,2,0,0,2,0,0,0,0,0,0,2,2,0,2,0,15,7,154,255,0,0,2,9,5,0,29,45,27,11,0,0,0,42,31,0,0,128,71,0,0,0,0,126,163,92,0,0,0,0,
0,0,0,0,235,250,173,0,0,83,72,32,96,200,0,0,0,0,0,0,0,0,0,77,0,255,0,0,78,234,0,0,231,0,0,155,0,139,0,0,0,0,0,0,78,91,82,33,14,31,3,13,0,0,6,3,4,0,4,3,0,0,0,0,6,4,10,0,5,0,0,0,0,9,0,0,0,1,4,0,16,0,0,8,4,7,4,77,255,0,0,16,17,0,31,31,5,0,0,0,0,56,89,0,0,75,67,0,0,0,0,80,182,126,46,0,0,14,0,
0,0,0,0,255,221,173,0,0,64,53,8,96,210,99,0,0,0,0,16,0,41,22,0,0,255,0,0,112,0,200,0,216,0,0,140,0,44,107,95,0,0,0,49,72,38,11,16,0,14,6,0,0,12,12,0,0,9,11,0,17,3,0,0,11,11,0,6,0,14,3,6,0,0,15,0,0,14,3,0,0,0,0,3,8,8,0,48,255,0,0,5,4,0,11,0,15,0,0,0,38,127,56,0,52,7,0,0,0,0,43,184,171,92,0,0,0,255,84,
