162 162 160 162 163 161 160 157 157 161 155 156 156 154 156 155 
162 162 160 162 163 161 160 157 157 161 155 156 156 154 156 155 
164 159 160 161 161 159 157 157 157 158 154 153 157 154 155 156 
160 159 160 157 160 160 154 153 156 155 155 153 155 154 152 155 
155 158 157 156 159 157 157 156 155 157 155 154 155 154 152 156 
156 158 156 152 158 157 156 157 157 155 157 155 152 155 156 153 
158 157 157 157 157 157 155 157 157 157 158 155 155 154 155 155 
158 158 157 156 157 157 156 155 157 156 155 154 154 154 154 158 
157 156 157 154 157 156 157 156 155 156 156 156 153 153 155 162 
156 156 158 155 157 156 158 159 159 159 156 157 155 155 158 161 
156 157 156 156 156 157 158 158 159 157 154 156 154 156 159 163 
158 156 154 157 157 156 158 158 160 157 157 157 154 155 158 163 
156 154 154 158 160 158 159 158 160 156 157 158 157 159 163 166 
155 156 157 156 158 159 159 157 159 160 157 157 157 162 165 167 
158 158 158 158 158 159 159 158 159 159 158 160 161 165 167 170 
